[Lattice 1]

1 	 1 	 6.9990 	 13.9939 	 17.9865 	 89.7892 	 97.8540 	 89.8444 	 1745.1153 	 100.0000 
2 	 1 	 6.9990 	 13.9939 	 17.9865 	 89.7892 	 97.8540 	 89.8444 	 1745.1153 	 100.0000 
3 	 1 	 6.9990 	 13.9939 	 17.9865 	 89.7892 	 97.8540 	 89.8444 	 1745.1153 	 100.0000 
4 	 1 	 6.9990 	 13.9939 	 17.9865 	 89.7892 	 97.8540 	 89.8444 	 1745.1153 	 100.0000 
5 	 1 	 6.9990 	 13.9939 	 17.9865 	 89.7892 	 97.8540 	 89.8444 	 1745.1153 	 100.0000 
6 	 1 	 6.9990 	 13.9939 	 17.9865 	 89.7892 	 97.8540 	 89.8444 	 1745.1153 	 100.0000 
7 	 1 	 6.9990 	 13.9939 	 17.9865 	 89.7892 	 97.8540 	 89.8444 	 1745.1153 	 100.0000 
8 	 1 	 6.9990 	 13.9939 	 17.9865 	 89.7892 	 97.8540 	 89.8444 	 1745.1153 	 100.0000 
9 	 1 	 6.9990 	 13.9939 	 17.9865 	 89.7892 	 97.8540 	 89.8444 	 1745.1153 	 100.0000 
10 	 1 	 6.9990 	 13.9939 	 17.9865 	 89.7892 	 97.8540 	 89.8444 	 1745.1153 	 100.0000 
11 	 1 	 6.9993 	 13.9916 	 17.9857 	 89.7783 	 97.8565 	 89.8390 	 1744.8134 	 100.0000 
12 	 1 	 6.9998 	 13.9915 	 17.9848 	 89.7768 	 97.8574 	 89.8408 	 1744.8155 	 100.0000 
13 	 1 	 7.0015 	 13.9992 	 17.9861 	 89.7997 	 97.8381 	 89.8874 	 1746.4415 	 100.0000 
14 	 1 	 7.0033 	 13.9994 	 17.9893 	 89.8212 	 97.8115 	 89.9091 	 1747.3398 	 100.0000 
15 	 1 	 7.0037 	 14.0059 	 17.9911 	 89.8461 	 97.8041 	 89.9344 	 1748.4541 	 100.0000 
16 	 1 	 7.0059 	 14.0214 	 17.9948 	 89.8987 	 97.7717 	 90.0109 	 1751.4443 	 100.0000 
17 	 1 	 7.0071 	 14.0310 	 17.9982 	 89.9460 	 97.7483 	 90.0484 	 1753.3685 	 100.0000 
18 	 1 	 7.0089 	 14.0380 	 17.9987 	 89.9657 	 97.7337 	 90.0920 	 1754.8113 	 100.0000 
19 	 1 	 7.0074 	 14.0326 	 17.9985 	 89.9548 	 97.7435 	 90.0529 	 1753.6882 	 100.0000 
20 	 1 	 7.0087 	 14.0400 	 17.9994 	 89.9652 	 97.7334 	 90.0902 	 1755.0621 	 100.0000 
21 	 1 	 7.0084 	 14.0383 	 18.0005 	 89.9705 	 97.7279 	 90.0810 	 1754.9079 	 100.0000 
22 	 1 	 7.0104 	 14.0521 	 18.0059 	 90.0253 	 97.6868 	 90.1553 	 1757.8283 	 100.0000 
23 	 1 	 7.0098 	 14.0555 	 18.0051 	 90.0249 	 97.6914 	 90.1470 	 1758.0206 	 100.0000 
24 	 1 	 7.0086 	 14.0490 	 18.0052 	 90.0139 	 97.7020 	 90.1079 	 1756.8662 	 100.0000 
25 	 1 	 7.0093 	 14.0578 	 18.0073 	 90.0416 	 97.6898 	 90.1350 	 1758.4022 	 100.0000 
26 	 1 	 7.0083 	 14.0571 	 18.0097 	 90.0463 	 97.6904 	 90.1186 	 1758.2829 	 100.0000 
27 	 1 	 7.0082 	 14.0585 	 18.0127 	 90.0674 	 97.6822 	 90.1245 	 1758.7448 	 100.0000 
28 	 1 	 7.0079 	 14.0476 	 18.0111 	 90.0361 	 97.6884 	 90.0990 	 1757.1406 	 100.0000 
29 	 1 	 7.0087 	 14.0531 	 18.0104 	 90.0396 	 97.6851 	 90.1272 	 1757.9810 	 100.0000 
30 	 1 	 7.0087 	 14.0533 	 18.0100 	 90.0366 	 97.6815 	 90.1338 	 1757.9706 	 100.0000 
31 	 1 	 7.0069 	 14.0194 	 18.0071 	 89.9521 	 97.7119 	 90.0320 	 1752.8863 	 100.0000 
32 	 1 	 7.0069 	 14.0290 	 18.0094 	 89.9851 	 97.7013 	 90.0543 	 1754.3351 	 100.0000 
33 	 1 	 7.0062 	 14.0318 	 18.0095 	 89.9872 	 97.7039 	 90.0480 	 1754.5272 	 100.0000 
34 	 1 	 7.0066 	 14.0519 	 18.0078 	 89.9912 	 97.7067 	 90.0812 	 1756.9613 	 100.0000 
35 	 1 	 7.0068 	 14.0616 	 18.0086 	 90.0055 	 97.7027 	 90.1036 	 1758.3266 	 100.0000 
36 	 1 	 7.0056 	 14.0365 	 18.0064 	 89.9495 	 97.7201 	 90.0251 	 1754.5851 	 100.0000 
37 	 1 	 7.0057 	 14.0300 	 18.0069 	 89.9525 	 97.7184 	 90.0174 	 1753.8697 	 100.0000 
38 	 1 	 7.0057 	 14.0129 	 18.0064 	 89.9183 	 97.7241 	 89.9960 	 1751.6604 	 100.0000 
39 	 1 	 7.0052 	 14.0311 	 18.0103 	 89.9848 	 97.7091 	 90.0196 	 1754.2500 	 100.0000 
40 	 1 	 7.0055 	 14.0175 	 18.0099 	 89.9696 	 97.7085 	 90.0170 	 1752.5851 	 100.0000 
41 	 1 	 7.0053 	 14.0098 	 18.0089 	 89.9553 	 97.7124 	 89.9931 	 1751.4537 	 100.0000 
42 	 1 	 7.0051 	 14.0232 	 18.0107 	 89.9895 	 97.7187 	 89.9847 	 1753.2320 	 100.0000 
43 	 1 	 7.0051 	 14.0222 	 18.0104 	 89.9828 	 97.7189 	 89.9859 	 1753.0830 	 100.0000 
44 	 1 	 7.0051 	 14.0248 	 18.0109 	 90.0013 	 97.7176 	 89.9973 	 1753.4708 	 100.0000 
45 	 1 	 7.0050 	 14.0472 	 18.0121 	 90.0440 	 97.7179 	 90.0038 	 1756.3437 	 100.0000 
46 	 1 	 7.0050 	 14.0471 	 18.0112 	 90.0335 	 97.7167 	 89.9976 	 1756.2579 	 100.0000 
47 	 1 	 7.0049 	 14.0361 	 18.0095 	 89.9949 	 97.7205 	 89.9807 	 1754.6674 	 100.0000 
48 	 1 	 7.0047 	 14.0548 	 18.0099 	 90.0173 	 97.7204 	 89.9900 	 1756.9934 	 100.0000 
49 	 1 	 7.0042 	 14.0793 	 18.0120 	 90.0573 	 97.7205 	 89.9680 	 1760.1344 	 100.0000 
50 	 1 	 7.0044 	 14.0678 	 18.0108 	 90.0247 	 97.7170 	 89.9728 	 1758.6533 	 100.0000 
51 	 1 	 7.0042 	 14.0693 	 18.0098 	 90.0150 	 97.7132 	 89.9737 	 1758.6910 	 100.0000 
52 	 1 	 7.0040 	 14.0907 	 18.0107 	 90.0416 	 97.7152 	 89.9562 	 1761.3901 	 100.0000 
53 	 1 	 7.0038 	 14.0945 	 18.0115 	 90.0553 	 97.7159 	 89.9469 	 1761.9071 	 100.0000 
54 	 1 	 7.0039 	 14.0842 	 18.0117 	 90.0598 	 97.7149 	 89.9565 	 1760.6541 	 100.0000 
55 	 1 	 7.0039 	 14.0839 	 18.0101 	 90.0342 	 97.7150 	 89.9566 	 1760.4890 	 100.0000 
56 	 1 	 7.0036 	 14.0515 	 18.0099 	 89.9973 	 97.7060 	 90.0101 	 1756.3777 	 100.0000 
57 	 1 	 7.0033 	 14.0301 	 18.0091 	 89.9699 	 97.6993 	 90.0434 	 1753.5506 	 100.0000 
58 	 1 	 7.0037 	 14.0191 	 18.0084 	 89.9553 	 97.7019 	 90.0355 	 1752.2218 	 100.0000 
59 	 1 	 7.0034 	 14.0147 	 18.0087 	 89.9548 	 97.6995 	 90.0492 	 1751.6399 	 100.0000 
60 	 1 	 7.0033 	 14.0016 	 18.0093 	 89.9392 	 97.6949 	 90.0650 	 1750.0356 	 100.0000 
61 	 1 	 7.0028 	 14.0023 	 18.0084 	 89.9282 	 97.6927 	 90.0766 	 1749.9132 	 100.0000 
62 	 1 	 7.0024 	 13.9998 	 18.0089 	 89.9187 	 97.6903 	 90.0834 	 1749.5727 	 100.0000 
63 	 1 	 7.0018 	 14.0310 	 18.0086 	 89.9409 	 97.6960 	 90.0634 	 1753.2733 	 100.0000 
64 	 1 	 7.0020 	 14.0147 	 18.0082 	 89.9528 	 97.6992 	 90.0844 	 1751.2167 	 100.0000 
65 	 1 	 7.0020 	 14.0048 	 18.0083 	 89.9667 	 97.7042 	 90.0935 	 1749.9733 	 100.0000 
66 	 1 	 7.0014 	 14.0024 	 18.0087 	 89.9640 	 97.7021 	 90.1054 	 1749.5712 	 100.0000 
67 	 1 	 7.0009 	 14.0046 	 18.0089 	 89.9773 	 97.7035 	 90.1041 	 1749.7322 	 100.0000 
68 	 1 	 7.0010 	 13.9895 	 18.0094 	 89.9681 	 97.7024 	 90.1202 	 1747.9434 	 100.0000 
69 	 1 	 7.0008 	 13.9820 	 18.0097 	 89.9717 	 97.7010 	 90.1287 	 1746.9739 	 100.0000 
70 	 1 	 7.0000 	 13.9691 	 18.0105 	 89.9779 	 97.7039 	 90.1676 	 1745.2222 	 100.0000 
71 	 1 	 7.0007 	 13.9888 	 18.0102 	 89.9507 	 97.6961 	 90.1218 	 1747.8769 	 100.0000 
72 	 1 	 7.0010 	 13.9986 	 18.0104 	 89.9462 	 97.6936 	 90.0983 	 1749.2009 	 100.0000 
73 	 1 	 7.0006 	 14.0125 	 18.0108 	 89.9402 	 97.6897 	 90.0697 	 1750.9028 	 100.0000 
74 	 1 	 7.0008 	 14.0116 	 18.0116 	 89.9303 	 97.6828 	 90.0644 	 1750.9410 	 100.0000 
75 	 1 	 7.0020 	 14.0200 	 18.0113 	 89.9446 	 97.6849 	 90.0214 	 1752.2514 	 100.0000 
76 	 1 	 7.0016 	 14.0173 	 18.0106 	 89.9682 	 97.6955 	 90.0372 	 1751.6972 	 100.0000 
77 	 1 	 7.0012 	 14.0235 	 18.0112 	 89.9618 	 97.6926 	 90.0325 	 1752.4534 	 100.0000 
78 	 1 	 7.0009 	 14.0289 	 18.0120 	 89.9529 	 97.6868 	 90.0216 	 1753.1358 	 100.0000 
79 	 1 	 7.0006 	 14.0224 	 18.0117 	 89.9561 	 97.6881 	 90.0420 	 1752.2387 	 100.0000 
80 	 1 	 7.0006 	 14.0224 	 18.0117 	 89.9561 	 97.6881 	 90.0420 	 1752.2387 	 100.0000 
81 	 1 	 7.0006 	 14.0224 	 18.0117 	 89.9561 	 97.6881 	 90.0420 	 1752.2387 	 100.0000 
82 	 1 	 7.0006 	 14.0224 	 18.0117 	 89.9561 	 97.6881 	 90.0420 	 1752.2387 	 100.0000 
83 	 1 	 7.0006 	 14.0224 	 18.0117 	 89.9561 	 97.6881 	 90.0420 	 1752.2387 	 100.0000 
84 	 1 	 7.0006 	 14.0224 	 18.0117 	 89.9561 	 97.6881 	 90.0420 	 1752.2387 	 100.0000 
85 	 1 	 7.0006 	 14.0224 	 18.0117 	 89.9561 	 97.6881 	 90.0420 	 1752.2387 	 100.0000 
86 	 1 	 7.0006 	 14.0224 	 18.0117 	 89.9561 	 97.6881 	 90.0420 	 1752.2387 	 100.0000 
87 	 1 	 7.0006 	 14.0224 	 18.0117 	 89.9561 	 97.6881 	 90.0420 	 1752.2387 	 100.0000 
88 	 1 	 7.0006 	 14.0224 	 18.0117 	 89.9561 	 97.6881 	 90.0420 	 1752.2387 	 100.0000 
1 	 2 	 7.0082 	 14.0000 	 18.0031 	 90.0927 	 97.7578 	 89.9577 	 1750.1976 	 100.0000 
2 	 2 	 7.0082 	 14.0000 	 18.0031 	 90.0927 	 97.7578 	 89.9577 	 1750.1976 	 100.0000 
3 	 2 	 7.0082 	 14.0000 	 18.0031 	 90.0927 	 97.7578 	 89.9577 	 1750.1976 	 100.0000 
4 	 2 	 7.0082 	 14.0000 	 18.0031 	 90.0927 	 97.7578 	 89.9577 	 1750.1976 	 100.0000 
5 	 2 	 7.0082 	 14.0000 	 18.0031 	 90.0927 	 97.7578 	 89.9577 	 1750.1976 	 100.0000 
6 	 2 	 7.0082 	 14.0000 	 18.0031 	 90.0927 	 97.7578 	 89.9577 	 1750.1976 	 100.0000 
7 	 2 	 7.0082 	 14.0000 	 18.0031 	 90.0927 	 97.7578 	 89.9577 	 1750.1976 	 100.0000 
8 	 2 	 7.0082 	 14.0000 	 18.0031 	 90.0927 	 97.7578 	 89.9577 	 1750.1976 	 100.0000 
9 	 2 	 7.0082 	 14.0000 	 18.0031 	 90.0927 	 97.7578 	 89.9577 	 1750.1976 	 100.0000 
10 	 2 	 7.0082 	 14.0000 	 18.0031 	 90.0927 	 97.7578 	 89.9577 	 1750.1976 	 100.0000 
11 	 2 	 7.0082 	 14.0000 	 18.0031 	 90.0927 	 97.7578 	 89.9577 	 1750.1976 	 100.0000 
12 	 2 	 7.0083 	 14.0004 	 18.0028 	 90.0976 	 97.7597 	 89.9642 	 1750.2516 	 100.0000 
13 	 2 	 7.0086 	 14.0008 	 18.0011 	 90.1018 	 97.7726 	 89.9649 	 1750.1455 	 100.0000 
14 	 2 	 7.0090 	 14.0016 	 18.0011 	 90.1124 	 97.7552 	 89.9729 	 1750.4116 	 100.0000 
15 	 2 	 7.0131 	 14.0013 	 18.0053 	 90.1140 	 97.6999 	 89.9828 	 1752.0396 	 100.0000 
16 	 2 	 7.0132 	 14.0012 	 18.0049 	 90.1164 	 97.6989 	 89.9824 	 1752.0149 	 100.0000 
17 	 2 	 7.0153 	 14.0027 	 18.0068 	 90.1172 	 97.6701 	 89.9837 	 1753.0551 	 100.0000 
18 	 2 	 7.0151 	 14.0023 	 18.0037 	 90.1145 	 97.6946 	 89.9779 	 1752.5263 	 100.0000 
19 	 2 	 7.0125 	 14.0034 	 17.9987 	 90.1181 	 97.7383 	 89.9753 	 1751.3597 	 100.0000 
20 	 2 	 7.0135 	 14.0023 	 18.0026 	 90.1156 	 97.7051 	 89.9789 	 1751.9793 	 100.0000 
21 	 2 	 7.0150 	 14.0015 	 18.0048 	 90.1067 	 97.6860 	 89.9780 	 1752.5391 	 100.0000 
22 	 2 	 7.0141 	 14.0022 	 18.0024 	 90.1029 	 97.7049 	 89.9690 	 1752.1025 	 100.0000 
23 	 2 	 7.0143 	 14.0020 	 18.0058 	 90.0904 	 97.6853 	 89.9556 	 1752.5257 	 100.0000 
24 	 2 	 7.0139 	 14.0018 	 18.0078 	 90.0920 	 97.6771 	 89.9613 	 1752.6350 	 100.0000 
25 	 2 	 7.0145 	 14.0024 	 18.0091 	 90.0906 	 97.6712 	 89.9637 	 1753.0042 	 100.0000 
26 	 2 	 7.0145 	 14.0026 	 18.0094 	 90.0745 	 97.6718 	 89.9597 	 1753.0607 	 100.0000 
27 	 2 	 7.0143 	 14.0034 	 18.0111 	 90.0586 	 97.6624 	 89.9379 	 1753.3421 	 100.0000 
28 	 2 	 7.0115 	 14.0031 	 18.0075 	 90.0523 	 97.6978 	 89.9285 	 1752.1060 	 100.0000 
29 	 2 	 7.0084 	 14.0032 	 18.0056 	 90.0643 	 97.7287 	 89.9429 	 1751.0183 	 100.0000 
30 	 2 	 7.0087 	 14.0030 	 18.0094 	 90.0719 	 97.7019 	 89.9476 	 1751.5539 	 100.0000 
31 	 2 	 7.0093 	 14.0035 	 18.0112 	 90.0702 	 97.6863 	 89.9434 	 1751.9988 	 100.0000 
32 	 2 	 7.0100 	 14.0036 	 18.0106 	 90.0723 	 97.6786 	 89.9523 	 1752.1663 	 100.0000 
33 	 2 	 7.0097 	 14.0041 	 18.0091 	 90.0795 	 97.6827 	 89.9558 	 1751.9841 	 100.0000 
34 	 2 	 7.0085 	 14.0045 	 18.0078 	 90.0892 	 97.6960 	 89.9640 	 1751.5643 	 100.0000 
35 	 2 	 7.0090 	 14.0049 	 18.0106 	 90.0893 	 97.6806 	 89.9650 	 1752.0609 	 100.0000 
36 	 2 	 7.0063 	 14.0051 	 18.0069 	 90.0823 	 97.7194 	 89.9467 	 1750.8925 	 100.0000 
37 	 2 	 7.0065 	 14.0056 	 18.0039 	 90.0760 	 97.7268 	 89.9404 	 1750.6718 	 100.0000 
38 	 2 	 7.0062 	 14.0047 	 18.0071 	 90.0666 	 97.7201 	 89.9402 	 1750.8298 	 100.0000 
39 	 2 	 7.0070 	 14.0056 	 18.0023 	 90.0540 	 97.7233 	 89.9266 	 1750.6767 	 100.0000 
40 	 2 	 7.0086 	 14.0059 	 18.0015 	 90.0580 	 97.7068 	 89.9307 	 1751.0959 	 100.0000 
41 	 2 	 7.0076 	 14.0071 	 18.0004 	 90.0528 	 97.7149 	 89.9210 	 1750.8573 	 100.0000 
42 	 2 	 7.0081 	 14.0091 	 17.9997 	 90.0922 	 97.7060 	 89.9488 	 1751.1900 	 100.0000 
43 	 2 	 7.0075 	 14.0089 	 17.9989 	 90.0813 	 97.7115 	 89.9449 	 1750.9245 	 100.0000 
44 	 2 	 7.0074 	 14.0083 	 17.9977 	 90.0792 	 97.7189 	 89.9488 	 1750.6697 	 100.0000 
45 	 2 	 7.0067 	 14.0080 	 17.9993 	 90.0735 	 97.7212 	 89.9407 	 1750.6191 	 100.0000 
46 	 2 	 7.0059 	 14.0064 	 17.9990 	 90.0741 	 97.7342 	 89.9462 	 1750.1331 	 100.0000 
47 	 2 	 7.0071 	 14.0053 	 18.0018 	 90.0649 	 97.7142 	 89.9466 	 1750.6361 	 100.0000 
48 	 2 	 7.0075 	 14.0047 	 18.0062 	 90.0600 	 97.6929 	 89.9438 	 1751.1917 	 100.0000 
49 	 2 	 7.0074 	 14.0051 	 18.0138 	 90.0753 	 97.6793 	 89.9528 	 1752.0084 	 100.0000 
50 	 2 	 7.0075 	 14.0048 	 18.0160 	 90.0765 	 97.6781 	 89.9529 	 1752.2052 	 100.0000 
51 	 2 	 7.0070 	 14.0047 	 18.0149 	 90.0676 	 97.6931 	 89.9479 	 1751.9100 	 100.0000 
52 	 2 	 7.0068 	 14.0051 	 18.0184 	 90.0759 	 97.6924 	 89.9537 	 1752.2373 	 100.0000 
53 	 2 	 7.0065 	 14.0049 	 18.0283 	 90.0791 	 97.6736 	 89.9585 	 1753.1999 	 100.0000 
54 	 2 	 7.0066 	 14.0038 	 18.0379 	 90.0709 	 97.6562 	 89.9528 	 1754.0971 	 100.0000 
55 	 2 	 7.0064 	 14.0036 	 18.0282 	 90.0515 	 97.6867 	 89.9424 	 1752.9338 	 100.0000 
56 	 2 	 7.0061 	 14.0024 	 18.0354 	 90.0345 	 97.6880 	 89.9361 	 1753.4120 	 100.0000 
57 	 2 	 7.0057 	 14.0009 	 18.0312 	 90.0141 	 97.7107 	 89.9350 	 1752.6264 	 100.0000 
58 	 2 	 7.0058 	 14.0010 	 18.0329 	 90.0142 	 97.7008 	 89.9349 	 1752.8756 	 100.0000 
59 	 2 	 7.0057 	 14.0035 	 18.0395 	 90.0566 	 97.6876 	 89.9504 	 1753.8533 	 100.0000 
60 	 2 	 7.0060 	 14.0034 	 18.0582 	 90.0703 	 97.6499 	 89.9565 	 1755.8749 	 100.0000 
61 	 2 	 7.0058 	 14.0030 	 18.0568 	 90.0631 	 97.6563 	 89.9550 	 1755.6335 	 100.0000 
62 	 2 	 7.0061 	 14.0024 	 18.0567 	 90.0544 	 97.6564 	 89.9593 	 1755.6181 	 100.0000 
63 	 2 	 7.0056 	 14.0007 	 18.0663 	 90.0240 	 97.6489 	 89.9467 	 1756.2402 	 100.0000 
64 	 2 	 7.0055 	 14.0012 	 18.0705 	 90.0360 	 97.6466 	 89.9505 	 1756.6829 	 100.0000 
65 	 2 	 7.0053 	 14.0034 	 18.0699 	 90.0687 	 97.6495 	 89.9605 	 1756.8415 	 100.0000 
66 	 2 	 7.0045 	 14.0058 	 18.0731 	 90.0993 	 97.6592 	 89.9555 	 1757.2268 	 100.0000 
67 	 2 	 7.0044 	 14.0069 	 18.0754 	 90.1270 	 97.6643 	 89.9594 	 1757.5203 	 100.0000 
68 	 2 	 7.0041 	 14.0089 	 18.0876 	 90.1823 	 97.6460 	 89.9650 	 1758.9680 	 100.0000 
69 	 2 	 7.0044 	 14.0099 	 18.0738 	 90.1833 	 97.6522 	 89.9681 	 1757.7883 	 100.0000 
70 	 2 	 7.0041 	 14.0104 	 18.0668 	 90.1939 	 97.6820 	 89.9613 	 1756.9644 	 100.0000 
71 	 2 	 7.0036 	 14.0112 	 18.0712 	 90.1894 	 97.6795 	 89.9518 	 1757.3829 	 100.0000 
72 	 2 	 7.0034 	 14.0121 	 18.0701 	 90.1986 	 97.6830 	 89.9534 	 1757.3441 	 100.0000 
73 	 2 	 7.0029 	 14.0132 	 18.0817 	 90.2077 	 97.6776 	 89.9341 	 1758.5017 	 100.0000 
74 	 2 	 7.0030 	 14.0114 	 18.0827 	 90.2090 	 97.6870 	 89.9372 	 1758.3630 	 100.0000 
75 	 2 	 7.0029 	 14.0114 	 18.0809 	 90.2081 	 97.6947 	 89.9313 	 1758.1156 	 100.0000 
76 	 2 	 7.0033 	 14.0125 	 18.0667 	 90.1941 	 97.6858 	 89.9326 	 1757.0122 	 100.0000 
77 	 2 	 7.0033 	 14.0119 	 18.0642 	 90.1883 	 97.6964 	 89.9327 	 1756.6437 	 100.0000 
78 	 2 	 7.0034 	 14.0120 	 18.0575 	 90.2089 	 97.6934 	 89.9365 	 1756.0509 	 100.0000 
79 	 2 	 7.0035 	 14.0119 	 18.0522 	 90.2011 	 97.6921 	 89.9321 	 1755.5501 	 100.0000 
80 	 2 	 7.0041 	 14.0078 	 18.0395 	 90.1257 	 97.6985 	 89.9355 	 1753.9406 	 100.0000 
81 	 2 	 7.0043 	 14.0076 	 18.0325 	 90.1210 	 97.7021 	 89.9398 	 1753.2590 	 100.0000 
82 	 2 	 7.0045 	 14.0082 	 18.0123 	 90.1095 	 97.6982 	 89.9409 	 1751.4485 	 100.0000 
83 	 2 	 7.0043 	 14.0096 	 18.0154 	 90.1295 	 97.7050 	 89.9305 	 1751.8254 	 100.0000 
84 	 2 	 7.0043 	 14.0090 	 18.0040 	 90.1134 	 97.6978 	 89.9352 	 1750.6861 	 100.0000 
85 	 2 	 7.0044 	 14.0096 	 18.0078 	 90.1231 	 97.7091 	 89.9323 	 1751.1202 	 100.0000 
86 	 2 	 7.0040 	 14.0089 	 17.9952 	 90.1058 	 97.6809 	 89.9303 	 1749.8118 	 100.0000 
87 	 2 	 7.0040 	 14.0089 	 17.9952 	 90.1058 	 97.6809 	 89.9303 	 1749.8118 	 100.0000 
88 	 2 	 7.0040 	 14.0089 	 17.9952 	 90.1058 	 97.6809 	 89.9303 	 1749.8118 	 100.0000 
89 	 2 	 7.0040 	 14.0089 	 17.9952 	 90.1058 	 97.6809 	 89.9303 	 1749.8118 	 100.0000 
90 	 2 	 7.0040 	 14.0089 	 17.9952 	 90.1058 	 97.6809 	 89.9303 	 1749.8118 	 100.0000 
91 	 2 	 7.0040 	 14.0089 	 17.9952 	 90.1058 	 97.6809 	 89.9303 	 1749.8118 	 100.0000 
92 	 2 	 7.0040 	 14.0089 	 17.9952 	 90.1058 	 97.6809 	 89.9303 	 1749.8118 	 100.0000 
93 	 2 	 7.0040 	 14.0089 	 17.9952 	 90.1058 	 97.6809 	 89.9303 	 1749.8118 	 100.0000 
94 	 2 	 7.0040 	 14.0089 	 17.9952 	 90.1058 	 97.6809 	 89.9303 	 1749.8118 	 100.0000 
95 	 2 	 7.0040 	 14.0089 	 17.9952 	 90.1058 	 97.6809 	 89.9303 	 1749.8118 	 100.0000 
96 	 2 	 7.0040 	 14.0089 	 17.9952 	 90.1058 	 97.6809 	 89.9303 	 1749.8118 	 100.0000 
1 	 3 	 7.0033 	 14.0394 	 18.0443 	 89.9064 	 97.6929 	 89.9346 	 1758.1846 	 100.0000 
2 	 3 	 7.0033 	 14.0394 	 18.0443 	 89.9064 	 97.6929 	 89.9346 	 1758.1846 	 100.0000 
3 	 3 	 7.0033 	 14.0394 	 18.0443 	 89.9064 	 97.6929 	 89.9346 	 1758.1846 	 100.0000 
4 	 3 	 7.0033 	 14.0394 	 18.0443 	 89.9064 	 97.6929 	 89.9346 	 1758.1846 	 100.0000 
5 	 3 	 7.0033 	 14.0394 	 18.0443 	 89.9064 	 97.6929 	 89.9346 	 1758.1846 	 100.0000 
6 	 3 	 7.0033 	 14.0394 	 18.0443 	 89.9064 	 97.6929 	 89.9346 	 1758.1846 	 100.0000 
7 	 3 	 7.0033 	 14.0394 	 18.0443 	 89.9064 	 97.6929 	 89.9346 	 1758.1846 	 100.0000 
8 	 3 	 7.0033 	 14.0394 	 18.0443 	 89.9064 	 97.6929 	 89.9346 	 1758.1846 	 100.0000 
9 	 3 	 7.0033 	 14.0394 	 18.0443 	 89.9064 	 97.6929 	 89.9346 	 1758.1846 	 100.0000 
10 	 3 	 7.0035 	 14.0389 	 18.0432 	 89.9118 	 97.6883 	 89.9297 	 1758.0796 	 100.0000 
11 	 3 	 7.0033 	 14.0384 	 18.0422 	 89.9153 	 97.6975 	 89.9318 	 1757.8358 	 100.0000 
12 	 3 	 7.0033 	 14.0401 	 18.0465 	 89.8944 	 97.7060 	 89.9385 	 1758.4273 	 100.0000 
13 	 3 	 7.0036 	 14.0393 	 18.0427 	 89.9015 	 97.7015 	 89.9439 	 1758.0486 	 100.0000 
14 	 3 	 7.0032 	 14.0394 	 18.0424 	 89.9016 	 97.7464 	 89.9648 	 1757.7547 	 100.0000 
15 	 3 	 7.0033 	 14.0378 	 18.0416 	 89.9168 	 97.7451 	 89.9600 	 1757.5018 	 100.0000 
16 	 3 	 7.0032 	 14.0374 	 18.0399 	 89.9216 	 97.7514 	 89.9632 	 1757.2495 	 100.0000 
17 	 3 	 7.0033 	 14.0382 	 18.0360 	 89.9236 	 97.7416 	 89.9587 	 1757.0131 	 100.0000 
18 	 3 	 7.0033 	 14.0355 	 18.0273 	 89.9683 	 97.7795 	 89.9759 	 1755.6667 	 100.0000 
19 	 3 	 7.0033 	 14.0356 	 18.0340 	 89.9508 	 97.7835 	 89.9813 	 1756.3340 	 100.0000 
20 	 3 	 7.0030 	 14.0338 	 18.0263 	 89.9770 	 97.7893 	 89.9789 	 1755.2505 	 100.0000 
21 	 3 	 7.0031 	 14.0351 	 18.0269 	 89.9606 	 97.7578 	 89.9546 	 1755.6234 	 100.0000 
22 	 3 	 7.0032 	 14.0339 	 18.0324 	 89.9580 	 97.7582 	 89.9577 	 1756.0321 	 100.0000 
23 	 3 	 7.0028 	 14.0345 	 18.0321 	 89.9520 	 97.7554 	 89.9518 	 1755.9824 	 100.0000 
24 	 3 	 7.0026 	 14.0345 	 18.0310 	 89.9510 	 97.7420 	 89.9456 	 1755.8959 	 100.0000 
25 	 3 	 7.0026 	 14.0348 	 18.0311 	 89.9445 	 97.7177 	 89.9413 	 1756.0493 	 100.0000 
26 	 3 	 7.0024 	 14.0327 	 18.0431 	 89.9419 	 97.7167 	 89.9498 	 1756.9022 	 100.0000 
27 	 3 	 7.0024 	 14.0340 	 18.0388 	 89.9359 	 97.7440 	 89.9562 	 1756.5325 	 100.0000 
28 	 3 	 7.0021 	 14.0348 	 18.0344 	 89.9320 	 97.7166 	 89.9515 	 1756.2560 	 100.0000 
29 	 3 	 7.0027 	 14.0345 	 18.0249 	 89.9480 	 97.7025 	 89.9496 	 1755.5017 	 100.0000 
30 	 3 	 7.0024 	 14.0338 	 18.0246 	 89.9606 	 97.7522 	 89.9542 	 1755.0987 	 100.0000 
31 	 3 	 7.0027 	 14.0343 	 18.0336 	 89.9342 	 97.7222 	 89.9432 	 1756.2408 	 100.0000 
32 	 3 	 7.0027 	 14.0343 	 18.0336 	 89.9342 	 97.7222 	 89.9432 	 1756.2408 	 100.0000 
33 	 3 	 7.0027 	 14.0343 	 18.0336 	 89.9342 	 97.7222 	 89.9432 	 1756.2408 	 100.0000 
34 	 3 	 7.0027 	 14.0343 	 18.0336 	 89.9342 	 97.7222 	 89.9432 	 1756.2408 	 100.0000 
35 	 3 	 7.0027 	 14.0343 	 18.0336 	 89.9342 	 97.7222 	 89.9432 	 1756.2408 	 100.0000 
36 	 3 	 7.0027 	 14.0343 	 18.0336 	 89.9342 	 97.7222 	 89.9432 	 1756.2408 	 100.0000 
37 	 3 	 7.0027 	 14.0343 	 18.0336 	 89.9342 	 97.7222 	 89.9432 	 1756.2408 	 100.0000 
38 	 3 	 7.0027 	 14.0343 	 18.0336 	 89.9342 	 97.7222 	 89.9432 	 1756.2408 	 100.0000 
39 	 3 	 7.0027 	 14.0343 	 18.0336 	 89.9342 	 97.7222 	 89.9432 	 1756.2408 	 100.0000 
1 	 4 	 7.0039 	 14.0220 	 17.9869 	 90.0112 	 97.6257 	 90.0242 	 1750.8418 	 100.0000 
2 	 4 	 7.0039 	 14.0220 	 17.9869 	 90.0112 	 97.6257 	 90.0242 	 1750.8418 	 100.0000 
3 	 4 	 7.0039 	 14.0220 	 17.9869 	 90.0112 	 97.6257 	 90.0242 	 1750.8418 	 100.0000 
4 	 4 	 7.0039 	 14.0220 	 17.9869 	 90.0112 	 97.6257 	 90.0242 	 1750.8418 	 100.0000 
5 	 4 	 7.0039 	 14.0220 	 17.9869 	 90.0112 	 97.6257 	 90.0242 	 1750.8418 	 100.0000 
6 	 4 	 7.0039 	 14.0220 	 17.9869 	 90.0112 	 97.6257 	 90.0242 	 1750.8418 	 100.0000 
7 	 4 	 7.0039 	 14.0220 	 17.9869 	 90.0112 	 97.6257 	 90.0242 	 1750.8418 	 100.0000 
8 	 4 	 7.0039 	 14.0220 	 17.9869 	 90.0112 	 97.6257 	 90.0242 	 1750.8418 	 100.0000 
9 	 4 	 7.0039 	 14.0220 	 17.9869 	 90.0112 	 97.6257 	 90.0242 	 1750.8418 	 100.0000 
10 	 4 	 7.0039 	 14.0220 	 17.9869 	 90.0112 	 97.6257 	 90.0242 	 1750.8418 	 100.0000 
11 	 4 	 7.0040 	 14.0233 	 17.9871 	 90.0150 	 97.6279 	 90.0210 	 1751.0599 	 100.0000 
12 	 4 	 7.0033 	 14.0275 	 17.9871 	 90.0279 	 97.6246 	 90.0073 	 1751.4235 	 100.0000 
13 	 4 	 7.0046 	 14.0247 	 17.9907 	 90.0295 	 97.6448 	 90.0071 	 1751.6496 	 100.0000 
14 	 4 	 7.0049 	 14.0279 	 17.9895 	 90.0358 	 97.6459 	 89.9892 	 1752.0043 	 100.0000 
15 	 4 	 7.0070 	 14.0304 	 17.9933 	 90.0519 	 97.6715 	 89.9635 	 1753.0970 	 100.0000 
16 	 4 	 7.0097 	 14.0342 	 17.9992 	 90.0874 	 97.7071 	 89.9163 	 1754.6799 	 100.0000 
17 	 4 	 7.0100 	 14.0362 	 18.0012 	 90.1069 	 97.7152 	 89.9131 	 1755.1613 	 100.0000 
18 	 4 	 7.0105 	 14.0375 	 18.0029 	 90.1126 	 97.7225 	 89.9074 	 1755.5750 	 100.0000 
19 	 4 	 7.0126 	 14.0394 	 18.0098 	 90.1483 	 97.7569 	 89.8807 	 1756.8744 	 100.0000 
20 	 4 	 7.0087 	 14.0334 	 18.0062 	 90.1074 	 97.7129 	 89.9377 	 1754.9984 	 100.0000 
21 	 4 	 7.0058 	 14.0333 	 18.0013 	 90.0829 	 97.6752 	 89.9621 	 1753.9347 	 100.0000 
22 	 4 	 7.0074 	 14.0330 	 18.0054 	 90.0955 	 97.7002 	 89.9495 	 1754.5943 	 100.0000 
23 	 4 	 7.0098 	 14.0290 	 18.0091 	 90.0971 	 97.7257 	 89.9498 	 1754.9471 	 100.0000 
24 	 4 	 7.0119 	 14.0313 	 18.0102 	 90.1070 	 97.7411 	 89.9199 	 1755.8032 	 100.0000 
25 	 4 	 7.0110 	 14.0278 	 18.0104 	 90.0985 	 97.7382 	 89.9415 	 1755.1858 	 100.0000 
26 	 4 	 7.0105 	 14.0332 	 18.0106 	 90.1115 	 97.7342 	 89.9196 	 1755.7404 	 100.0000 
27 	 4 	 7.0083 	 14.0343 	 18.0106 	 90.1079 	 97.7196 	 89.9342 	 1755.3980 	 100.0000 
28 	 4 	 7.0090 	 14.0330 	 18.0162 	 90.1162 	 97.7431 	 89.9270 	 1755.8591 	 100.0000 
29 	 4 	 7.0081 	 14.0318 	 18.0165 	 90.1162 	 97.7424 	 89.9437 	 1755.5232 	 100.0000 
30 	 4 	 7.0062 	 14.0292 	 18.0161 	 90.1068 	 97.7310 	 89.9646 	 1754.7193 	 100.0000 
31 	 4 	 7.0086 	 14.0260 	 18.0185 	 90.1112 	 97.7548 	 89.9643 	 1755.0759 	 100.0000 
32 	 4 	 7.0070 	 14.0241 	 18.0170 	 90.0983 	 97.7370 	 89.9829 	 1754.3460 	 100.0000 
33 	 4 	 7.0070 	 14.0241 	 18.0170 	 90.0983 	 97.7370 	 89.9829 	 1754.3460 	 100.0000 
34 	 4 	 7.0070 	 14.0241 	 18.0170 	 90.0983 	 97.7370 	 89.9829 	 1754.3460 	 100.0000 
35 	 4 	 7.0070 	 14.0241 	 18.0170 	 90.0983 	 97.7370 	 89.9829 	 1754.3460 	 100.0000 
36 	 4 	 7.0070 	 14.0241 	 18.0170 	 90.0983 	 97.7370 	 89.9829 	 1754.3460 	 100.0000 
37 	 4 	 7.0070 	 14.0241 	 18.0170 	 90.0983 	 97.7370 	 89.9829 	 1754.3460 	 100.0000 
38 	 4 	 7.0070 	 14.0241 	 18.0170 	 90.0983 	 97.7370 	 89.9829 	 1754.3460 	 100.0000 
39 	 4 	 7.0070 	 14.0241 	 18.0170 	 90.0983 	 97.7370 	 89.9829 	 1754.3460 	 100.0000 
40 	 4 	 7.0070 	 14.0241 	 18.0170 	 90.0983 	 97.7370 	 89.9829 	 1754.3460 	 100.0000 
41 	 4 	 7.0070 	 14.0241 	 18.0170 	 90.0983 	 97.7370 	 89.9829 	 1754.3460 	 100.0000 
1 	 5 	 7.0121 	 14.0144 	 18.0622 	 89.8681 	 97.8126 	 90.0220 	 1758.4876 	 100.0000 
2 	 5 	 7.0121 	 14.0144 	 18.0622 	 89.8681 	 97.8126 	 90.0220 	 1758.4876 	 100.0000 
3 	 5 	 7.0121 	 14.0144 	 18.0622 	 89.8681 	 97.8126 	 90.0220 	 1758.4876 	 100.0000 
4 	 5 	 7.0121 	 14.0144 	 18.0622 	 89.8681 	 97.8126 	 90.0220 	 1758.4876 	 100.0000 
5 	 5 	 7.0121 	 14.0144 	 18.0622 	 89.8681 	 97.8126 	 90.0220 	 1758.4876 	 100.0000 
6 	 5 	 7.0121 	 14.0144 	 18.0622 	 89.8681 	 97.8126 	 90.0220 	 1758.4876 	 100.0000 
7 	 5 	 7.0121 	 14.0144 	 18.0622 	 89.8681 	 97.8126 	 90.0220 	 1758.4876 	 100.0000 
8 	 5 	 7.0121 	 14.0144 	 18.0622 	 89.8681 	 97.8126 	 90.0220 	 1758.4876 	 100.0000 
9 	 5 	 7.0121 	 14.0144 	 18.0622 	 89.8681 	 97.8126 	 90.0220 	 1758.4876 	 100.0000 
10 	 5 	 7.0121 	 14.0144 	 18.0622 	 89.8681 	 97.8126 	 90.0220 	 1758.4876 	 100.0000 
11 	 5 	 7.0121 	 14.0144 	 18.0622 	 89.8681 	 97.8126 	 90.0220 	 1758.4876 	 100.0000 
12 	 5 	 7.0112 	 14.0148 	 18.0533 	 89.8941 	 97.7886 	 90.0120 	 1757.5530 	 100.0000 
13 	 5 	 7.0113 	 14.0152 	 18.0517 	 89.8837 	 97.7945 	 90.0136 	 1757.4562 	 100.0000 
14 	 5 	 7.0101 	 14.0153 	 18.0432 	 89.8996 	 97.7628 	 89.9993 	 1756.4738 	 100.0000 
15 	 5 	 7.0091 	 14.0149 	 18.0297 	 89.9317 	 97.7262 	 89.9836 	 1755.0236 	 100.0000 
16 	 5 	 7.0088 	 14.0146 	 18.0200 	 89.9356 	 97.7115 	 89.9850 	 1754.0093 	 100.0000 
17 	 5 	 7.0081 	 14.0152 	 18.0163 	 89.9288 	 97.6945 	 89.9876 	 1753.6219 	 100.0000 
18 	 5 	 7.0076 	 14.0152 	 18.0182 	 89.9469 	 97.6893 	 89.9803 	 1753.6946 	 100.0000 
19 	 5 	 7.0074 	 14.0153 	 18.0116 	 89.9322 	 97.6839 	 89.9825 	 1753.0574 	 100.0000 
20 	 5 	 7.0073 	 14.0155 	 18.0105 	 89.9434 	 97.6772 	 89.9798 	 1752.9627 	 100.0000 
21 	 5 	 7.0074 	 14.0158 	 18.0108 	 89.9445 	 97.6771 	 89.9797 	 1753.0454 	 100.0000 
22 	 5 	 7.0087 	 14.0147 	 18.0050 	 89.9169 	 97.6995 	 89.9922 	 1752.5903 	 100.0000 
23 	 5 	 7.0104 	 14.0146 	 18.0153 	 89.9128 	 97.7422 	 89.9957 	 1753.8364 	 100.0000 
24 	 5 	 7.0103 	 14.0147 	 18.0172 	 89.9236 	 97.7407 	 89.9905 	 1754.0049 	 100.0000 
25 	 5 	 7.0107 	 14.0150 	 18.0248 	 89.9326 	 97.7598 	 89.9872 	 1754.8050 	 100.0000 
26 	 5 	 7.0090 	 14.0143 	 18.0149 	 89.9364 	 97.7150 	 89.9848 	 1753.5057 	 100.0000 
27 	 5 	 7.0089 	 14.0139 	 18.0178 	 89.9604 	 97.7192 	 89.9735 	 1753.6978 	 100.0000 
28 	 5 	 7.0090 	 14.0142 	 18.0186 	 89.9546 	 97.7284 	 89.9756 	 1753.8016 	 100.0000 
29 	 5 	 7.0087 	 14.0141 	 18.0186 	 89.9498 	 97.7184 	 89.9839 	 1753.7528 	 100.0000 
30 	 5 	 7.0096 	 14.0144 	 18.0288 	 89.9743 	 97.7552 	 89.9668 	 1754.8788 	 100.0000 
31 	 5 	 7.0106 	 14.0144 	 18.0283 	 89.9790 	 97.7672 	 89.9644 	 1755.0245 	 100.0000 
32 	 5 	 7.0119 	 14.0143 	 18.0364 	 89.9873 	 97.7966 	 89.9626 	 1755.9929 	 100.0000 
33 	 5 	 7.0110 	 14.0143 	 18.0313 	 89.9561 	 97.7797 	 89.9800 	 1755.3401 	 100.0000 
34 	 5 	 7.0095 	 14.0144 	 18.0271 	 89.9500 	 97.7514 	 89.9861 	 1754.6848 	 100.0000 
35 	 5 	 7.0099 	 14.0136 	 18.0357 	 89.9569 	 97.7763 	 89.9868 	 1755.4266 	 100.0000 
36 	 5 	 7.0106 	 14.0136 	 18.0391 	 89.9388 	 97.7990 	 89.9926 	 1755.8322 	 100.0000 
37 	 5 	 7.0084 	 14.0144 	 18.0345 	 89.9407 	 97.7706 	 89.9897 	 1755.0472 	 100.0000 
38 	 5 	 7.0092 	 14.0140 	 18.0368 	 89.9454 	 97.7821 	 89.9881 	 1755.3769 	 100.0000 
39 	 5 	 7.0085 	 14.0135 	 18.0350 	 89.9449 	 97.7711 	 89.9902 	 1755.0128 	 100.0000 
40 	 5 	 7.0085 	 14.0146 	 18.0341 	 89.9564 	 97.7746 	 89.9803 	 1755.0542 	 100.0000 
41 	 5 	 7.0074 	 14.0151 	 18.0315 	 89.9603 	 97.7626 	 89.9772 	 1754.6328 	 100.0000 
42 	 5 	 7.0068 	 14.0158 	 18.0278 	 89.9691 	 97.7512 	 89.9697 	 1754.2719 	 100.0000 
43 	 5 	 7.0043 	 14.0171 	 18.0226 	 89.9807 	 97.7144 	 89.9671 	 1753.4395 	 100.0000 
44 	 5 	 7.0032 	 14.0189 	 18.0188 	 89.9949 	 97.7030 	 89.9576 	 1753.0870 	 100.0000 
45 	 5 	 7.0047 	 14.0196 	 18.0212 	 90.0103 	 97.7256 	 89.9430 	 1753.6712 	 100.0000 
46 	 5 	 7.0072 	 14.0182 	 18.0228 	 90.0017 	 97.7466 	 89.9512 	 1754.1985 	 100.0000 
47 	 5 	 7.0073 	 14.0174 	 18.0256 	 90.0114 	 97.7507 	 89.9486 	 1754.3714 	 100.0000 
48 	 5 	 7.0076 	 14.0171 	 18.0244 	 90.0172 	 97.7459 	 89.9446 	 1754.3032 	 100.0000 
49 	 5 	 7.0060 	 14.0173 	 18.0198 	 90.0236 	 97.7218 	 89.9400 	 1753.5912 	 100.0000 
50 	 5 	 7.0058 	 14.0185 	 18.0212 	 90.0346 	 97.7255 	 89.9289 	 1753.8093 	 100.0000 
51 	 5 	 7.0048 	 14.0177 	 18.0190 	 90.0291 	 97.7101 	 89.9335 	 1753.3022 	 100.0000 
52 	 5 	 7.0033 	 14.0169 	 18.0168 	 90.0187 	 97.6929 	 89.9438 	 1752.7033 	 100.0000 
53 	 5 	 7.0010 	 14.0173 	 18.0146 	 90.0250 	 97.6645 	 89.9437 	 1752.0774 	 100.0000 
54 	 5 	 7.0010 	 14.0187 	 18.0173 	 90.0367 	 97.6797 	 89.9305 	 1752.4264 	 100.0000 
55 	 5 	 7.0001 	 14.0186 	 18.0172 	 90.0360 	 97.6787 	 89.9302 	 1752.2084 	 100.0000 
56 	 5 	 7.0057 	 14.0184 	 18.0238 	 90.0454 	 97.7364 	 89.9196 	 1753.9894 	 100.0000 
57 	 5 	 7.0069 	 14.0172 	 18.0252 	 90.0326 	 97.7490 	 89.9293 	 1754.2240 	 100.0000 
58 	 5 	 7.0093 	 14.0162 	 18.0272 	 90.0387 	 97.7646 	 89.9306 	 1754.8199 	 100.0000 
59 	 5 	 7.0057 	 14.0171 	 18.0234 	 90.0251 	 97.7319 	 89.9453 	 1753.7851 	 100.0000 
60 	 5 	 7.0087 	 14.0177 	 18.0247 	 90.0377 	 97.7543 	 89.9275 	 1754.6469 	 100.0000 
61 	 5 	 7.0076 	 14.0163 	 18.0256 	 90.0296 	 97.7497 	 89.9461 	 1754.3153 	 100.0000 
62 	 5 	 7.0089 	 14.0159 	 18.0265 	 90.0285 	 97.7611 	 89.9458 	 1754.6220 	 100.0000 
63 	 5 	 7.0100 	 14.0153 	 18.0253 	 90.0247 	 97.7631 	 89.9454 	 1754.7078 	 100.0000 
64 	 5 	 7.0110 	 14.0147 	 18.0275 	 90.0263 	 97.7771 	 89.9469 	 1755.0299 	 100.0000 
65 	 5 	 7.0096 	 14.0126 	 18.0254 	 90.0092 	 97.7560 	 89.9666 	 1754.3140 	 100.0000 
66 	 5 	 7.0098 	 14.0130 	 18.0254 	 90.0070 	 97.7569 	 89.9684 	 1754.3886 	 100.0000 
67 	 5 	 7.0086 	 14.0162 	 18.0251 	 90.0260 	 97.7535 	 89.9378 	 1754.4821 	 100.0000 
68 	 5 	 7.0090 	 14.0189 	 18.0244 	 90.0354 	 97.7550 	 89.9147 	 1754.8434 	 100.0000 
69 	 5 	 7.0048 	 14.0187 	 18.0248 	 90.0319 	 97.7390 	 89.9344 	 1753.8831 	 100.0000 
70 	 5 	 7.0076 	 14.0214 	 18.0281 	 90.0411 	 97.7720 	 89.9139 	 1755.0867 	 100.0000 
71 	 5 	 7.0088 	 14.0186 	 18.0281 	 90.0299 	 97.7731 	 89.9344 	 1755.0444 	 100.0000 
72 	 5 	 7.0100 	 14.0162 	 18.0274 	 90.0237 	 97.7666 	 89.9554 	 1755.0117 	 100.0000 
73 	 5 	 7.0079 	 14.0160 	 18.0274 	 90.0207 	 97.7589 	 89.9658 	 1754.4796 	 100.0000 
74 	 5 	 7.0072 	 14.0190 	 18.0274 	 90.0309 	 97.7635 	 89.9428 	 1754.6561 	 100.0000 
75 	 5 	 7.0069 	 14.0157 	 18.0258 	 90.0149 	 97.7551 	 89.9740 	 1754.0544 	 100.0000 
76 	 5 	 7.0081 	 14.0163 	 18.0251 	 90.0151 	 97.7541 	 89.9653 	 1754.3812 	 100.0000 
77 	 5 	 7.0101 	 14.0179 	 18.0254 	 90.0277 	 97.7616 	 89.9399 	 1755.0811 	 100.0000 
78 	 5 	 7.0129 	 14.0195 	 18.0257 	 90.0476 	 97.7757 	 89.9166 	 1755.9352 	 100.0000 
79 	 5 	 7.0102 	 14.0222 	 18.0248 	 90.0510 	 97.7638 	 89.9010 	 1755.5661 	 100.0000 
80 	 5 	 7.0139 	 14.0217 	 18.0239 	 90.0521 	 97.7612 	 89.8861 	 1756.3488 	 100.0000 
81 	 5 	 7.0161 	 14.0239 	 18.0240 	 90.0574 	 97.7676 	 89.8571 	 1757.1568 	 100.0000 
82 	 5 	 7.0177 	 14.0241 	 18.0242 	 90.0606 	 97.7728 	 89.8491 	 1757.5948 	 100.0000 
83 	 5 	 7.0182 	 14.0251 	 18.0245 	 90.0641 	 97.7821 	 89.8404 	 1757.8262 	 100.0000 
84 	 5 	 7.0125 	 14.0230 	 18.0255 	 90.0549 	 97.7880 	 89.8868 	 1756.2072 	 100.0000 
85 	 5 	 7.0124 	 14.0263 	 18.0250 	 90.0607 	 97.7904 	 89.8620 	 1756.5479 	 100.0000 
86 	 5 	 7.0087 	 14.0220 	 18.0251 	 90.0539 	 97.7804 	 89.9093 	 1755.1212 	 100.0000 
87 	 5 	 7.0079 	 14.0204 	 18.0249 	 90.0497 	 97.7789 	 89.9250 	 1754.7210 	 100.0000 
88 	 5 	 7.0080 	 14.0174 	 18.0241 	 90.0387 	 97.7660 	 89.9482 	 1754.3460 	 100.0000 
89 	 5 	 7.0076 	 14.0135 	 18.0233 	 90.0304 	 97.7583 	 89.9789 	 1753.7128 	 100.0000 
90 	 5 	 7.0108 	 14.0137 	 18.0224 	 90.0262 	 97.7520 	 89.9622 	 1754.4708 	 100.0000 
91 	 5 	 7.0108 	 14.0119 	 18.0217 	 90.0134 	 97.7384 	 89.9746 	 1754.2257 	 100.0000 
92 	 5 	 7.0108 	 14.0119 	 18.0217 	 90.0134 	 97.7384 	 89.9746 	 1754.2257 	 100.0000 
93 	 5 	 7.0108 	 14.0119 	 18.0217 	 90.0134 	 97.7384 	 89.9746 	 1754.2257 	 100.0000 
94 	 5 	 7.0108 	 14.0119 	 18.0217 	 90.0134 	 97.7384 	 89.9746 	 1754.2257 	 100.0000 
95 	 5 	 7.0108 	 14.0119 	 18.0217 	 90.0134 	 97.7384 	 89.9746 	 1754.2257 	 100.0000 
96 	 5 	 7.0108 	 14.0119 	 18.0217 	 90.0134 	 97.7384 	 89.9746 	 1754.2257 	 100.0000 
97 	 5 	 7.0108 	 14.0119 	 18.0217 	 90.0134 	 97.7384 	 89.9746 	 1754.2257 	 100.0000 
98 	 5 	 7.0108 	 14.0119 	 18.0217 	 90.0134 	 97.7384 	 89.9746 	 1754.2257 	 100.0000 
99 	 5 	 7.0108 	 14.0119 	 18.0217 	 90.0134 	 97.7384 	 89.9746 	 1754.2257 	 100.0000 
100 	 5 	 7.0108 	 14.0119 	 18.0217 	 90.0134 	 97.7384 	 89.9746 	 1754.2257 	 100.0000 
101 	 5 	 7.0108 	 14.0119 	 18.0217 	 90.0134 	 97.7384 	 89.9746 	 1754.2257 	 100.0000 
1 	 6 	 6.9961 	 14.0212 	 18.0291 	 90.0284 	 97.8256 	 90.0363 	 1752.0805 	 100.0000 
2 	 6 	 6.9961 	 14.0212 	 18.0291 	 90.0284 	 97.8256 	 90.0363 	 1752.0805 	 100.0000 
3 	 6 	 6.9961 	 14.0212 	 18.0291 	 90.0284 	 97.8256 	 90.0363 	 1752.0805 	 100.0000 
4 	 6 	 6.9961 	 14.0212 	 18.0291 	 90.0284 	 97.8256 	 90.0363 	 1752.0805 	 100.0000 
5 	 6 	 6.9961 	 14.0212 	 18.0291 	 90.0284 	 97.8256 	 90.0363 	 1752.0805 	 100.0000 
6 	 6 	 6.9961 	 14.0212 	 18.0291 	 90.0284 	 97.8256 	 90.0363 	 1752.0805 	 100.0000 
7 	 6 	 6.9961 	 14.0212 	 18.0291 	 90.0284 	 97.8256 	 90.0363 	 1752.0805 	 100.0000 
8 	 6 	 6.9961 	 14.0212 	 18.0291 	 90.0284 	 97.8256 	 90.0363 	 1752.0805 	 100.0000 
9 	 6 	 6.9961 	 14.0212 	 18.0291 	 90.0284 	 97.8256 	 90.0363 	 1752.0805 	 100.0000 
10 	 6 	 6.9967 	 14.0210 	 18.0233 	 90.0136 	 97.8227 	 90.0435 	 1751.6461 	 100.0000 
11 	 6 	 6.9968 	 14.0215 	 18.0174 	 90.0150 	 97.8201 	 90.0443 	 1751.1742 	 100.0000 
12 	 6 	 6.9951 	 14.0207 	 18.0023 	 89.9734 	 97.7757 	 90.0677 	 1749.3720 	 100.0000 
13 	 6 	 6.9954 	 14.0211 	 18.0022 	 89.9880 	 97.7831 	 90.0602 	 1749.4590 	 100.0000 
14 	 6 	 6.9948 	 14.0205 	 18.0142 	 90.0045 	 97.7741 	 90.0657 	 1750.4108 	 100.0000 
15 	 6 	 6.9957 	 14.0208 	 18.0148 	 90.0044 	 97.7906 	 90.0641 	 1750.6725 	 100.0000 
16 	 6 	 6.9967 	 14.0220 	 18.0426 	 90.0479 	 97.8379 	 90.0421 	 1753.5930 	 100.0000 
17 	 6 	 6.9962 	 14.0224 	 18.0365 	 90.0439 	 97.8266 	 90.0415 	 1752.9677 	 100.0000 
18 	 6 	 6.9958 	 14.0211 	 18.0323 	 90.0300 	 97.8098 	 90.0545 	 1752.3635 	 100.0000 
19 	 6 	 6.9960 	 14.0214 	 18.0311 	 90.0317 	 97.8180 	 90.0513 	 1752.3072 	 100.0000 
20 	 6 	 6.9962 	 14.0199 	 18.0284 	 90.0128 	 97.8091 	 90.0619 	 1751.9162 	 100.0000 
21 	 6 	 6.9972 	 14.0204 	 18.0268 	 90.0246 	 97.8216 	 90.0549 	 1752.0234 	 100.0000 
22 	 6 	 6.9972 	 14.0179 	 18.0219 	 90.0023 	 97.8060 	 90.0654 	 1751.3223 	 100.0000 
23 	 6 	 6.9980 	 14.0196 	 18.0189 	 90.0057 	 97.8242 	 90.0476 	 1751.3526 	 100.0000 
24 	 6 	 6.9974 	 14.0181 	 18.0011 	 89.9647 	 97.7942 	 90.0629 	 1749.4108 	 100.0000 
25 	 6 	 6.9980 	 14.0210 	 18.0102 	 90.0018 	 97.8249 	 90.0385 	 1750.6784 	 100.0000 
26 	 6 	 6.9972 	 14.0200 	 18.0141 	 90.0012 	 97.7967 	 90.0565 	 1750.8509 	 100.0000 
27 	 6 	 6.9969 	 14.0214 	 18.0192 	 90.0133 	 97.7985 	 90.0448 	 1751.4317 	 100.0000 
28 	 6 	 6.9968 	 14.0210 	 18.0183 	 90.0098 	 97.8004 	 90.0433 	 1751.2727 	 100.0000 
29 	 6 	 6.9957 	 14.0186 	 18.0238 	 89.9889 	 97.7830 	 90.0528 	 1751.3136 	 100.0000 
30 	 6 	 6.9954 	 14.0175 	 18.0285 	 89.9935 	 97.7702 	 90.0655 	 1751.6052 	 100.0000 
31 	 6 	 6.9963 	 14.0200 	 18.0264 	 90.0056 	 97.7934 	 90.0455 	 1751.8306 	 100.0000 
32 	 6 	 6.9959 	 14.0224 	 18.0365 	 90.0436 	 97.7913 	 90.0423 	 1753.0403 	 100.0000 
33 	 6 	 6.9966 	 14.0206 	 18.0301 	 90.0203 	 97.8007 	 90.0426 	 1752.3256 	 100.0000 
34 	 6 	 6.9963 	 14.0230 	 18.0345 	 90.0469 	 97.7954 	 90.0402 	 1752.9864 	 100.0000 
35 	 6 	 6.9962 	 14.0248 	 18.0367 	 90.0622 	 97.7993 	 90.0309 	 1753.4034 	 100.0000 
36 	 6 	 6.9960 	 14.0288 	 18.0368 	 90.0831 	 97.8049 	 90.0135 	 1753.8254 	 100.0000 
37 	 6 	 6.9965 	 14.0261 	 18.0282 	 90.0466 	 97.8236 	 90.0097 	 1752.6941 	 100.0000 
38 	 6 	 6.9972 	 14.0256 	 18.0257 	 90.0424 	 97.8214 	 90.0112 	 1752.5915 	 100.0000 
39 	 6 	 6.9980 	 14.0248 	 18.0231 	 90.0310 	 97.8352 	 90.0042 	 1752.3635 	 100.0000 
40 	 6 	 6.9976 	 14.0258 	 18.0260 	 90.0473 	 97.8298 	 90.0063 	 1752.7036 	 100.0000 
41 	 6 	 6.9976 	 14.0257 	 18.0278 	 90.0458 	 97.8303 	 90.0048 	 1752.8630 	 100.0000 
42 	 6 	 6.9973 	 14.0216 	 18.0203 	 90.0097 	 97.8124 	 90.0263 	 1751.6188 	 100.0000 
43 	 6 	 6.9974 	 14.0216 	 18.0098 	 89.9893 	 97.8182 	 90.0221 	 1750.5830 	 100.0000 
44 	 6 	 6.9971 	 14.0164 	 18.0089 	 89.9658 	 97.7876 	 90.0595 	 1749.9134 	 100.0000 
45 	 6 	 6.9975 	 14.0140 	 18.0080 	 89.9516 	 97.7947 	 90.0595 	 1749.5942 	 100.0000 
46 	 6 	 6.9981 	 14.0224 	 18.0170 	 90.0332 	 97.8162 	 90.0335 	 1751.5856 	 100.0000 
47 	 6 	 6.9982 	 14.0259 	 18.0202 	 90.0603 	 97.8237 	 90.0232 	 1752.3322 	 100.0000 
48 	 6 	 6.9984 	 14.0282 	 18.0192 	 90.0741 	 97.8340 	 90.0126 	 1752.5145 	 100.0000 
49 	 6 	 6.9984 	 14.0186 	 18.0087 	 89.9972 	 97.8227 	 90.0289 	 1750.3438 	 100.0000 
50 	 6 	 6.9978 	 14.0187 	 18.0157 	 90.0191 	 97.8183 	 90.0331 	 1750.9015 	 100.0000 
51 	 6 	 6.9974 	 14.0257 	 18.0221 	 90.0691 	 97.8098 	 90.0357 	 1752.3545 	 100.0000 
52 	 6 	 6.9976 	 14.0252 	 18.0219 	 90.0675 	 97.8023 	 90.0425 	 1752.3413 	 100.0000 
53 	 6 	 6.9977 	 14.0234 	 18.0206 	 90.0586 	 97.7902 	 90.0590 	 1752.0752 	 100.0000 
54 	 6 	 6.9975 	 14.0249 	 18.0248 	 90.0803 	 97.7748 	 90.0700 	 1752.6662 	 100.0000 
55 	 6 	 6.9972 	 14.0245 	 18.0234 	 90.0701 	 97.7853 	 90.0581 	 1752.3865 	 100.0000 
56 	 6 	 6.9973 	 14.0222 	 18.0203 	 90.0492 	 97.8085 	 90.0401 	 1751.7033 	 100.0000 
57 	 6 	 6.9977 	 14.0207 	 18.0184 	 90.0457 	 97.8092 	 90.0457 	 1751.4366 	 100.0000 
58 	 6 	 6.9976 	 14.0183 	 18.0188 	 90.0366 	 97.8119 	 90.0426 	 1751.1497 	 100.0000 
59 	 6 	 6.9975 	 14.0222 	 18.0217 	 90.0624 	 97.8096 	 90.0411 	 1751.8859 	 100.0000 
60 	 6 	 6.9972 	 14.0260 	 18.0235 	 90.0806 	 97.8114 	 90.0403 	 1752.4651 	 100.0000 
61 	 6 	 6.9978 	 14.0225 	 18.0190 	 90.0547 	 97.8342 	 90.0111 	 1751.6448 	 100.0000 
62 	 6 	 6.9970 	 14.0237 	 18.0173 	 90.0456 	 97.8306 	 90.0111 	 1751.4344 	 100.0000 
63 	 6 	 6.9973 	 14.0246 	 18.0181 	 90.0552 	 97.8282 	 90.0175 	 1751.7144 	 100.0000 
64 	 6 	 6.9975 	 14.0301 	 18.0191 	 90.0785 	 97.8199 	 90.0252 	 1752.5768 	 100.0000 
65 	 6 	 6.9975 	 14.0287 	 18.0193 	 90.0740 	 97.8129 	 90.0341 	 1752.4561 	 100.0000 
66 	 6 	 6.9975 	 14.0287 	 18.0193 	 90.0740 	 97.8129 	 90.0341 	 1752.4561 	 100.0000 
67 	 6 	 6.9975 	 14.0287 	 18.0193 	 90.0740 	 97.8129 	 90.0341 	 1752.4561 	 100.0000 
68 	 6 	 6.9975 	 14.0287 	 18.0193 	 90.0740 	 97.8129 	 90.0341 	 1752.4561 	 100.0000 
69 	 6 	 6.9975 	 14.0287 	 18.0193 	 90.0740 	 97.8129 	 90.0341 	 1752.4561 	 100.0000 
70 	 6 	 6.9975 	 14.0287 	 18.0193 	 90.0740 	 97.8129 	 90.0341 	 1752.4561 	 100.0000 
71 	 6 	 6.9975 	 14.0287 	 18.0193 	 90.0740 	 97.8129 	 90.0341 	 1752.4561 	 100.0000 
72 	 6 	 6.9975 	 14.0287 	 18.0193 	 90.0740 	 97.8129 	 90.0341 	 1752.4561 	 100.0000 
73 	 6 	 6.9975 	 14.0287 	 18.0193 	 90.0740 	 97.8129 	 90.0341 	 1752.4561 	 100.0000 
1 	 7 	 6.9986 	 14.0135 	 18.0008 	 90.0459 	 97.7252 	 90.0937 	 1749.4068 	 100.0000 
2 	 7 	 6.9986 	 14.0135 	 18.0008 	 90.0459 	 97.7252 	 90.0937 	 1749.4068 	 100.0000 
3 	 7 	 6.9986 	 14.0135 	 18.0008 	 90.0459 	 97.7252 	 90.0937 	 1749.4068 	 100.0000 
4 	 7 	 6.9986 	 14.0135 	 18.0008 	 90.0459 	 97.7252 	 90.0937 	 1749.4068 	 100.0000 
5 	 7 	 6.9986 	 14.0135 	 18.0008 	 90.0459 	 97.7252 	 90.0937 	 1749.4068 	 100.0000 
6 	 7 	 6.9986 	 14.0135 	 18.0008 	 90.0459 	 97.7252 	 90.0937 	 1749.4068 	 100.0000 
7 	 7 	 6.9986 	 14.0135 	 18.0008 	 90.0459 	 97.7252 	 90.0937 	 1749.4068 	 100.0000 
8 	 7 	 6.9986 	 14.0135 	 18.0008 	 90.0459 	 97.7252 	 90.0937 	 1749.4068 	 100.0000 
9 	 7 	 6.9986 	 14.0135 	 18.0008 	 90.0459 	 97.7252 	 90.0937 	 1749.4068 	 100.0000 
10 	 7 	 6.9986 	 14.0135 	 18.0008 	 90.0459 	 97.7252 	 90.0937 	 1749.4068 	 100.0000 
11 	 7 	 6.9975 	 14.0133 	 18.0006 	 90.0464 	 97.7333 	 90.1007 	 1749.0515 	 100.0000 
12 	 7 	 7.0077 	 14.0135 	 18.0010 	 90.0458 	 97.7352 	 90.0710 	 1751.6684 	 100.0000 
13 	 7 	 7.0103 	 14.0146 	 18.0004 	 90.0442 	 97.7143 	 90.0436 	 1752.4574 	 100.0000 
14 	 7 	 7.0126 	 14.0149 	 17.9998 	 90.0437 	 97.7046 	 90.0332 	 1753.0677 	 100.0000 
15 	 7 	 7.0183 	 14.0152 	 17.9997 	 90.0429 	 97.6957 	 90.0156 	 1754.5470 	 100.0000 
16 	 7 	 7.0182 	 14.0154 	 18.0009 	 90.0400 	 97.6776 	 90.0081 	 1754.7490 	 100.0000 
17 	 7 	 7.0175 	 14.0147 	 18.0017 	 90.0398 	 97.6689 	 90.0215 	 1754.6033 	 100.0000 
18 	 7 	 7.0227 	 14.0152 	 18.0015 	 90.0396 	 97.6583 	 89.9958 	 1755.9792 	 100.0000 
19 	 7 	 7.0258 	 14.0157 	 18.0010 	 90.0387 	 97.6507 	 89.9791 	 1756.8174 	 100.0000 
20 	 7 	 7.0270 	 14.0165 	 18.0012 	 90.0369 	 97.6549 	 89.9546 	 1757.2201 	 100.0000 
21 	 7 	 7.0242 	 14.0162 	 18.0013 	 90.0406 	 97.6752 	 89.9621 	 1756.3915 	 100.0000 
22 	 7 	 7.0362 	 14.0160 	 18.0014 	 90.0359 	 97.6210 	 89.9376 	 1759.6242 	 100.0000 
23 	 7 	 7.0293 	 14.0164 	 18.0014 	 90.0408 	 97.6633 	 89.9583 	 1757.7419 	 100.0000 
24 	 7 	 7.0300 	 14.0168 	 18.0012 	 90.0419 	 97.6608 	 89.9666 	 1757.9708 	 100.0000 
25 	 7 	 7.0061 	 14.0177 	 18.0007 	 90.0471 	 97.7295 	 89.9833 	 1751.7729 	 100.0000 
26 	 7 	 7.0064 	 14.0175 	 18.0008 	 90.0493 	 97.7339 	 89.9914 	 1751.8289 	 100.0000 
27 	 7 	 6.9995 	 14.0173 	 18.0011 	 90.0507 	 97.7527 	 89.9869 	 1750.0113 	 100.0000 
28 	 7 	 6.9934 	 14.0176 	 18.0005 	 90.0525 	 97.7760 	 89.9865 	 1748.3739 	 100.0000 
29 	 7 	 7.0007 	 14.0172 	 18.0022 	 90.0506 	 97.7308 	 89.9951 	 1750.5200 	 100.0000 
30 	 7 	 7.0013 	 14.0176 	 18.0016 	 90.0525 	 97.7339 	 89.9984 	 1750.6257 	 100.0000 
31 	 7 	 7.0060 	 14.0178 	 18.0020 	 90.0569 	 97.7074 	 90.0056 	 1751.9902 	 100.0000 
32 	 7 	 7.0091 	 14.0175 	 18.0042 	 90.0620 	 97.6871 	 90.0257 	 1753.0025 	 100.0000 
33 	 7 	 7.0080 	 14.0180 	 18.0026 	 90.0595 	 97.7067 	 90.0180 	 1752.5590 	 100.0000 
34 	 7 	 7.0096 	 14.0179 	 18.0025 	 90.0604 	 97.6998 	 90.0180 	 1752.9741 	 100.0000 
35 	 7 	 7.0085 	 14.0181 	 18.0014 	 90.0623 	 97.7093 	 90.0164 	 1752.5620 	 100.0000 
36 	 7 	 7.0042 	 14.0178 	 18.0000 	 90.0524 	 97.7421 	 89.9911 	 1751.2019 	 100.0000 
37 	 7 	 7.0092 	 14.0177 	 18.0016 	 90.0543 	 97.7117 	 90.0022 	 1752.7109 	 100.0000 
38 	 7 	 7.0091 	 14.0174 	 18.0004 	 90.0511 	 97.7263 	 89.9965 	 1752.4866 	 100.0000 
39 	 7 	 7.0066 	 14.0173 	 18.0010 	 90.0505 	 97.7357 	 89.9911 	 1751.8566 	 100.0000 
40 	 7 	 7.0051 	 14.0171 	 17.9990 	 90.0433 	 97.7622 	 89.9822 	 1751.1376 	 100.0000 
41 	 7 	 7.0032 	 14.0164 	 17.9984 	 90.0406 	 97.7742 	 89.9784 	 1750.4722 	 100.0000 
42 	 7 	 6.9969 	 14.0155 	 17.9967 	 90.0357 	 97.8206 	 89.9556 	 1748.4240 	 100.0000 
43 	 7 	 6.9917 	 14.0145 	 17.9955 	 90.0236 	 97.8563 	 89.9272 	 1746.7309 	 100.0000 
44 	 7 	 6.9969 	 14.0140 	 17.9975 	 90.0236 	 97.8057 	 89.9291 	 1748.3695 	 100.0000 
45 	 7 	 7.0016 	 14.0128 	 17.9994 	 90.0231 	 97.7657 	 89.9321 	 1749.7648 	 100.0000 
46 	 7 	 7.0025 	 14.0140 	 17.9996 	 90.0303 	 97.7537 	 89.9482 	 1750.2108 	 100.0000 
47 	 7 	 7.0019 	 14.0137 	 17.9990 	 90.0290 	 97.7578 	 89.9431 	 1749.9307 	 100.0000 
48 	 7 	 7.0005 	 14.0133 	 18.0004 	 90.0313 	 97.7526 	 89.9416 	 1749.7052 	 100.0000 
49 	 7 	 6.9988 	 14.0125 	 18.0025 	 90.0299 	 97.7464 	 89.9267 	 1749.4082 	 100.0000 
50 	 7 	 6.9905 	 14.0124 	 17.9988 	 90.0197 	 97.8116 	 89.8951 	 1746.6968 	 100.0000 
51 	 7 	 6.9889 	 14.0117 	 18.0015 	 90.0261 	 97.8054 	 89.8883 	 1746.4990 	 100.0000 
52 	 7 	 6.9909 	 14.0091 	 18.0006 	 90.0076 	 97.8038 	 89.8659 	 1746.5722 	 100.0000 
53 	 7 	 6.9863 	 14.0071 	 17.9951 	 89.9817 	 97.8643 	 89.8250 	 1744.3779 	 100.0000 
54 	 7 	 6.9868 	 14.0061 	 17.9953 	 89.9734 	 97.8618 	 89.8187 	 1744.4260 	 100.0000 
55 	 7 	 6.9895 	 14.0052 	 17.9962 	 89.9779 	 97.8367 	 89.8274 	 1745.1825 	 100.0000 
56 	 7 	 6.9949 	 14.0052 	 18.0012 	 89.9913 	 97.7711 	 89.8600 	 1747.2881 	 100.0000 
57 	 7 	 6.9928 	 14.0049 	 17.9964 	 89.9780 	 97.8011 	 89.8442 	 1746.1410 	 100.0000 
58 	 7 	 6.9921 	 14.0031 	 17.9962 	 89.9699 	 97.8176 	 89.8313 	 1745.6467 	 100.0000 
59 	 7 	 6.9975 	 14.0036 	 18.0049 	 89.9956 	 97.7396 	 89.8654 	 1748.2360 	 100.0000 
60 	 7 	 7.0020 	 14.0070 	 18.0093 	 90.0255 	 97.6863 	 89.9113 	 1750.4246 	 100.0000 
61 	 7 	 7.0001 	 14.0045 	 17.9981 	 89.9818 	 97.7480 	 89.8806 	 1748.2930 	 100.0000 
62 	 7 	 7.0013 	 14.0070 	 17.9949 	 89.9885 	 97.7498 	 89.9013 	 1748.5870 	 100.0000 
63 	 7 	 7.0011 	 14.0080 	 17.9960 	 89.9953 	 97.7479 	 89.9080 	 1748.7786 	 100.0000 
64 	 7 	 7.0044 	 14.0073 	 17.9945 	 89.9828 	 97.7251 	 89.9203 	 1749.4804 	 100.0000 
65 	 7 	 7.0001 	 14.0029 	 17.9864 	 89.9396 	 97.7928 	 89.8694 	 1746.7680 	 100.0000 
66 	 7 	 7.0024 	 14.0040 	 17.9884 	 89.9482 	 97.7659 	 89.8919 	 1747.7908 	 100.0000 
67 	 7 	 7.0023 	 14.0028 	 17.9809 	 89.9259 	 97.7970 	 89.8840 	 1746.7524 	 100.0000 
68 	 7 	 7.0003 	 14.0040 	 17.9797 	 89.9300 	 97.8213 	 89.8840 	 1746.1995 	 100.0000 
69 	 7 	 6.9979 	 14.0007 	 17.9769 	 89.9055 	 97.8555 	 89.8491 	 1744.7443 	 100.0000 
70 	 7 	 6.9982 	 14.0006 	 17.9719 	 89.8919 	 97.8741 	 89.8575 	 1744.2633 	 100.0000 
71 	 7 	 6.9978 	 13.9987 	 17.9746 	 89.8909 	 97.8814 	 89.8502 	 1744.1603 	 100.0000 
72 	 7 	 6.9973 	 13.9973 	 17.9731 	 89.8808 	 97.8901 	 89.8363 	 1743.6743 	 100.0000 
73 	 7 	 6.9949 	 13.9942 	 17.9605 	 89.8303 	 97.9600 	 89.8032 	 1741.1588 	 100.0000 
74 	 7 	 6.9966 	 13.9989 	 17.9594 	 89.8466 	 97.9466 	 89.8343 	 1742.1268 	 100.0000 
75 	 7 	 6.9961 	 13.9995 	 17.9565 	 89.8408 	 97.9600 	 89.8282 	 1741.7280 	 100.0000 
76 	 7 	 7.0000 	 14.0037 	 17.9705 	 89.8970 	 97.8774 	 89.8868 	 1744.9330 	 100.0000 
77 	 7 	 6.9991 	 14.0037 	 17.9701 	 89.8981 	 97.8936 	 89.8809 	 1744.5986 	 100.0000 
78 	 7 	 7.0015 	 14.0112 	 17.9783 	 89.9577 	 97.8353 	 89.9361 	 1747.1904 	 100.0000 
79 	 7 	 7.0009 	 14.0086 	 17.9781 	 89.9401 	 97.8441 	 89.9175 	 1746.6528 	 100.0000 
80 	 7 	 7.0028 	 14.0136 	 17.9941 	 90.0111 	 97.7798 	 89.9584 	 1749.5971 	 100.0000 
81 	 7 	 7.0030 	 14.0102 	 17.9958 	 89.9977 	 97.7713 	 89.9516 	 1749.4173 	 100.0000 
82 	 7 	 7.0033 	 14.0107 	 17.9963 	 90.0015 	 97.7611 	 89.9526 	 1749.6227 	 100.0000 
83 	 7 	 7.0022 	 14.0094 	 17.9930 	 89.9843 	 97.7874 	 89.9279 	 1748.7684 	 100.0000 
84 	 7 	 7.0023 	 14.0089 	 17.9927 	 89.9808 	 97.7872 	 89.9250 	 1748.7135 	 100.0000 
85 	 7 	 7.0023 	 14.0089 	 17.9927 	 89.9808 	 97.7872 	 89.9250 	 1748.7135 	 100.0000 
86 	 7 	 7.0023 	 14.0089 	 17.9927 	 89.9808 	 97.7872 	 89.9250 	 1748.7135 	 100.0000 
87 	 7 	 7.0023 	 14.0089 	 17.9927 	 89.9808 	 97.7872 	 89.9250 	 1748.7135 	 100.0000 
88 	 7 	 7.0023 	 14.0089 	 17.9927 	 89.9808 	 97.7872 	 89.9250 	 1748.7135 	 100.0000 
89 	 7 	 7.0023 	 14.0089 	 17.9927 	 89.9808 	 97.7872 	 89.9250 	 1748.7135 	 100.0000 
90 	 7 	 7.0023 	 14.0089 	 17.9927 	 89.9808 	 97.7872 	 89.9250 	 1748.7135 	 100.0000 
91 	 7 	 7.0023 	 14.0089 	 17.9927 	 89.9808 	 97.7872 	 89.9250 	 1748.7135 	 100.0000 
92 	 7 	 7.0023 	 14.0089 	 17.9927 	 89.9808 	 97.7872 	 89.9250 	 1748.7135 	 100.0000 
93 	 7 	 7.0023 	 14.0089 	 17.9927 	 89.9808 	 97.7872 	 89.9250 	 1748.7135 	 100.0000 
