[Lattice 1]

1 	 2 	 7.0082 	 14.0000 	 18.0031 	 90.0927 	 97.7578 	 89.9577 	 1750.1976 	 100.0000 
2 	 2 	 7.0082 	 14.0000 	 18.0031 	 90.0927 	 97.7578 	 89.9577 	 1750.1976 	 100.0000 
3 	 2 	 7.0082 	 14.0000 	 18.0031 	 90.0927 	 97.7578 	 89.9577 	 1750.1976 	 100.0000 
4 	 2 	 7.0082 	 14.0000 	 18.0031 	 90.0927 	 97.7578 	 89.9577 	 1750.1976 	 100.0000 
5 	 2 	 7.0082 	 14.0000 	 18.0031 	 90.0927 	 97.7578 	 89.9577 	 1750.1976 	 100.0000 
6 	 2 	 7.0082 	 14.0000 	 18.0031 	 90.0927 	 97.7578 	 89.9577 	 1750.1976 	 100.0000 
7 	 2 	 7.0082 	 14.0000 	 18.0031 	 90.0927 	 97.7578 	 89.9577 	 1750.1976 	 100.0000 
8 	 2 	 7.0082 	 14.0000 	 18.0031 	 90.0927 	 97.7578 	 89.9577 	 1750.1976 	 100.0000 
9 	 2 	 7.0082 	 14.0000 	 18.0031 	 90.0927 	 97.7578 	 89.9577 	 1750.1976 	 100.0000 
10 	 2 	 7.0082 	 14.0000 	 18.0031 	 90.0927 	 97.7578 	 89.9577 	 1750.1976 	 100.0000 
11 	 2 	 7.0082 	 14.0000 	 18.0031 	 90.0927 	 97.7578 	 89.9577 	 1750.1976 	 100.0000 
12 	 2 	 7.0083 	 14.0004 	 18.0028 	 90.0976 	 97.7597 	 89.9642 	 1750.2516 	 100.0000 
13 	 2 	 7.0086 	 14.0008 	 18.0011 	 90.1018 	 97.7726 	 89.9649 	 1750.1455 	 100.0000 
14 	 2 	 7.0090 	 14.0016 	 18.0011 	 90.1124 	 97.7552 	 89.9729 	 1750.4116 	 100.0000 
15 	 2 	 7.0131 	 14.0013 	 18.0053 	 90.1140 	 97.6999 	 89.9828 	 1752.0396 	 100.0000 
16 	 2 	 7.0132 	 14.0012 	 18.0049 	 90.1164 	 97.6989 	 89.9824 	 1752.0149 	 100.0000 
17 	 2 	 7.0153 	 14.0027 	 18.0068 	 90.1172 	 97.6701 	 89.9837 	 1753.0551 	 100.0000 
18 	 2 	 7.0151 	 14.0023 	 18.0037 	 90.1145 	 97.6946 	 89.9779 	 1752.5263 	 100.0000 
19 	 2 	 7.0125 	 14.0034 	 17.9987 	 90.1181 	 97.7383 	 89.9753 	 1751.3597 	 100.0000 
20 	 2 	 7.0135 	 14.0023 	 18.0026 	 90.1156 	 97.7051 	 89.9789 	 1751.9793 	 100.0000 
21 	 2 	 7.0150 	 14.0015 	 18.0048 	 90.1067 	 97.6860 	 89.9780 	 1752.5391 	 100.0000 
22 	 2 	 7.0141 	 14.0022 	 18.0024 	 90.1029 	 97.7049 	 89.9690 	 1752.1025 	 100.0000 
23 	 2 	 7.0143 	 14.0020 	 18.0058 	 90.0904 	 97.6853 	 89.9556 	 1752.5257 	 100.0000 
24 	 2 	 7.0139 	 14.0018 	 18.0078 	 90.0920 	 97.6771 	 89.9613 	 1752.6350 	 100.0000 
25 	 2 	 7.0145 	 14.0024 	 18.0091 	 90.0906 	 97.6712 	 89.9637 	 1753.0042 	 100.0000 
26 	 2 	 7.0145 	 14.0026 	 18.0094 	 90.0745 	 97.6718 	 89.9597 	 1753.0607 	 100.0000 
27 	 2 	 7.0143 	 14.0034 	 18.0111 	 90.0586 	 97.6624 	 89.9379 	 1753.3421 	 100.0000 
28 	 2 	 7.0115 	 14.0031 	 18.0075 	 90.0523 	 97.6978 	 89.9285 	 1752.1060 	 100.0000 
29 	 2 	 7.0084 	 14.0032 	 18.0056 	 90.0643 	 97.7287 	 89.9429 	 1751.0183 	 100.0000 
30 	 2 	 7.0087 	 14.0030 	 18.0094 	 90.0719 	 97.7019 	 89.9476 	 1751.5539 	 100.0000 
31 	 2 	 7.0093 	 14.0035 	 18.0112 	 90.0702 	 97.6863 	 89.9434 	 1751.9988 	 100.0000 
32 	 2 	 7.0100 	 14.0036 	 18.0106 	 90.0723 	 97.6786 	 89.9523 	 1752.1663 	 100.0000 
33 	 2 	 7.0097 	 14.0041 	 18.0091 	 90.0795 	 97.6827 	 89.9558 	 1751.9841 	 100.0000 
34 	 2 	 7.0085 	 14.0045 	 18.0078 	 90.0892 	 97.6960 	 89.9640 	 1751.5643 	 100.0000 
35 	 2 	 7.0090 	 14.0049 	 18.0106 	 90.0893 	 97.6806 	 89.9650 	 1752.0609 	 100.0000 
36 	 2 	 7.0063 	 14.0051 	 18.0069 	 90.0823 	 97.7194 	 89.9467 	 1750.8925 	 100.0000 
37 	 2 	 7.0065 	 14.0056 	 18.0039 	 90.0760 	 97.7268 	 89.9404 	 1750.6718 	 100.0000 
38 	 2 	 7.0062 	 14.0047 	 18.0071 	 90.0666 	 97.7201 	 89.9402 	 1750.8298 	 100.0000 
39 	 2 	 7.0070 	 14.0056 	 18.0023 	 90.0540 	 97.7233 	 89.9266 	 1750.6767 	 100.0000 
40 	 2 	 7.0086 	 14.0059 	 18.0015 	 90.0580 	 97.7068 	 89.9307 	 1751.0959 	 100.0000 
41 	 2 	 7.0076 	 14.0071 	 18.0004 	 90.0528 	 97.7149 	 89.9210 	 1750.8573 	 100.0000 
42 	 2 	 7.0081 	 14.0091 	 17.9997 	 90.0922 	 97.7060 	 89.9488 	 1751.1900 	 100.0000 
43 	 2 	 7.0075 	 14.0089 	 17.9989 	 90.0813 	 97.7115 	 89.9449 	 1750.9245 	 100.0000 
44 	 2 	 7.0074 	 14.0083 	 17.9977 	 90.0792 	 97.7189 	 89.9488 	 1750.6697 	 100.0000 
45 	 2 	 7.0067 	 14.0080 	 17.9993 	 90.0735 	 97.7212 	 89.9407 	 1750.6191 	 100.0000 
46 	 2 	 7.0059 	 14.0064 	 17.9990 	 90.0741 	 97.7342 	 89.9462 	 1750.1331 	 100.0000 
47 	 2 	 7.0071 	 14.0053 	 18.0018 	 90.0649 	 97.7142 	 89.9466 	 1750.6361 	 100.0000 
48 	 2 	 7.0075 	 14.0047 	 18.0062 	 90.0600 	 97.6929 	 89.9438 	 1751.1917 	 100.0000 
49 	 2 	 7.0074 	 14.0051 	 18.0138 	 90.0753 	 97.6793 	 89.9528 	 1752.0084 	 100.0000 
50 	 2 	 7.0075 	 14.0048 	 18.0160 	 90.0765 	 97.6781 	 89.9529 	 1752.2052 	 100.0000 
51 	 2 	 7.0070 	 14.0047 	 18.0149 	 90.0676 	 97.6931 	 89.9479 	 1751.9100 	 100.0000 
52 	 2 	 7.0068 	 14.0051 	 18.0184 	 90.0759 	 97.6924 	 89.9537 	 1752.2373 	 100.0000 
53 	 2 	 7.0065 	 14.0049 	 18.0283 	 90.0791 	 97.6736 	 89.9585 	 1753.1999 	 100.0000 
54 	 2 	 7.0066 	 14.0038 	 18.0379 	 90.0709 	 97.6562 	 89.9528 	 1754.0971 	 100.0000 
55 	 2 	 7.0064 	 14.0036 	 18.0282 	 90.0515 	 97.6867 	 89.9424 	 1752.9338 	 100.0000 
56 	 2 	 7.0061 	 14.0024 	 18.0354 	 90.0345 	 97.6880 	 89.9361 	 1753.4120 	 100.0000 
57 	 2 	 7.0057 	 14.0009 	 18.0312 	 90.0141 	 97.7107 	 89.9350 	 1752.6264 	 100.0000 
58 	 2 	 7.0058 	 14.0010 	 18.0329 	 90.0142 	 97.7008 	 89.9349 	 1752.8756 	 100.0000 
59 	 2 	 7.0057 	 14.0035 	 18.0395 	 90.0566 	 97.6876 	 89.9504 	 1753.8533 	 100.0000 
60 	 2 	 7.0060 	 14.0034 	 18.0582 	 90.0703 	 97.6499 	 89.9565 	 1755.8749 	 100.0000 
61 	 2 	 7.0058 	 14.0030 	 18.0568 	 90.0631 	 97.6563 	 89.9550 	 1755.6335 	 100.0000 
62 	 2 	 7.0061 	 14.0024 	 18.0567 	 90.0544 	 97.6564 	 89.9593 	 1755.6181 	 100.0000 
63 	 2 	 7.0056 	 14.0007 	 18.0663 	 90.0240 	 97.6489 	 89.9467 	 1756.2402 	 100.0000 
64 	 2 	 7.0055 	 14.0012 	 18.0705 	 90.0360 	 97.6466 	 89.9505 	 1756.6829 	 100.0000 
65 	 2 	 7.0053 	 14.0034 	 18.0699 	 90.0687 	 97.6495 	 89.9605 	 1756.8415 	 100.0000 
66 	 2 	 7.0045 	 14.0058 	 18.0731 	 90.0993 	 97.6592 	 89.9555 	 1757.2268 	 100.0000 
67 	 2 	 7.0044 	 14.0069 	 18.0754 	 90.1270 	 97.6643 	 89.9594 	 1757.5203 	 100.0000 
68 	 2 	 7.0041 	 14.0089 	 18.0876 	 90.1823 	 97.6460 	 89.9650 	 1758.9680 	 100.0000 
69 	 2 	 7.0044 	 14.0099 	 18.0738 	 90.1833 	 97.6522 	 89.9681 	 1757.7883 	 100.0000 
70 	 2 	 7.0041 	 14.0104 	 18.0668 	 90.1939 	 97.6820 	 89.9613 	 1756.9644 	 100.0000 
71 	 2 	 7.0036 	 14.0112 	 18.0712 	 90.1894 	 97.6795 	 89.9518 	 1757.3829 	 100.0000 
72 	 2 	 7.0034 	 14.0121 	 18.0701 	 90.1986 	 97.6830 	 89.9534 	 1757.3441 	 100.0000 
73 	 2 	 7.0029 	 14.0132 	 18.0817 	 90.2077 	 97.6776 	 89.9341 	 1758.5017 	 100.0000 
74 	 2 	 7.0030 	 14.0114 	 18.0827 	 90.2090 	 97.6870 	 89.9372 	 1758.3630 	 100.0000 
75 	 2 	 7.0029 	 14.0114 	 18.0809 	 90.2081 	 97.6947 	 89.9313 	 1758.1156 	 100.0000 
76 	 2 	 7.0033 	 14.0125 	 18.0667 	 90.1941 	 97.6858 	 89.9326 	 1757.0122 	 100.0000 
77 	 2 	 7.0033 	 14.0119 	 18.0642 	 90.1883 	 97.6964 	 89.9327 	 1756.6437 	 100.0000 
78 	 2 	 7.0034 	 14.0120 	 18.0575 	 90.2089 	 97.6934 	 89.9365 	 1756.0509 	 100.0000 
79 	 2 	 7.0035 	 14.0119 	 18.0522 	 90.2011 	 97.6921 	 89.9321 	 1755.5501 	 100.0000 
80 	 2 	 7.0041 	 14.0078 	 18.0395 	 90.1257 	 97.6985 	 89.9355 	 1753.9406 	 100.0000 
81 	 2 	 7.0043 	 14.0076 	 18.0325 	 90.1210 	 97.7021 	 89.9398 	 1753.2590 	 100.0000 
82 	 2 	 7.0045 	 14.0082 	 18.0123 	 90.1095 	 97.6982 	 89.9409 	 1751.4485 	 100.0000 
83 	 2 	 7.0043 	 14.0096 	 18.0154 	 90.1295 	 97.7050 	 89.9305 	 1751.8254 	 100.0000 
84 	 2 	 7.0043 	 14.0090 	 18.0040 	 90.1134 	 97.6978 	 89.9352 	 1750.6861 	 100.0000 
85 	 2 	 7.0044 	 14.0096 	 18.0078 	 90.1231 	 97.7091 	 89.9323 	 1751.1202 	 100.0000 
86 	 2 	 7.0040 	 14.0089 	 17.9952 	 90.1058 	 97.6809 	 89.9303 	 1749.8118 	 100.0000 
87 	 2 	 7.0040 	 14.0089 	 17.9952 	 90.1058 	 97.6809 	 89.9303 	 1749.8118 	 100.0000 
88 	 2 	 7.0040 	 14.0089 	 17.9952 	 90.1058 	 97.6809 	 89.9303 	 1749.8118 	 100.0000 
89 	 2 	 7.0040 	 14.0089 	 17.9952 	 90.1058 	 97.6809 	 89.9303 	 1749.8118 	 100.0000 
90 	 2 	 7.0040 	 14.0089 	 17.9952 	 90.1058 	 97.6809 	 89.9303 	 1749.8118 	 100.0000 
91 	 2 	 7.0040 	 14.0089 	 17.9952 	 90.1058 	 97.6809 	 89.9303 	 1749.8118 	 100.0000 
92 	 2 	 7.0040 	 14.0089 	 17.9952 	 90.1058 	 97.6809 	 89.9303 	 1749.8118 	 100.0000 
93 	 2 	 7.0040 	 14.0089 	 17.9952 	 90.1058 	 97.6809 	 89.9303 	 1749.8118 	 100.0000 
94 	 2 	 7.0040 	 14.0089 	 17.9952 	 90.1058 	 97.6809 	 89.9303 	 1749.8118 	 100.0000 
95 	 2 	 7.0040 	 14.0089 	 17.9952 	 90.1058 	 97.6809 	 89.9303 	 1749.8118 	 100.0000 
96 	 2 	 7.0040 	 14.0089 	 17.9952 	 90.1058 	 97.6809 	 89.9303 	 1749.8118 	 100.0000 
