[Profiles 1]

1 1 	 1.466318 	 0.873838 	 1.508945
1 2 	 1.466318 	 0.873838 	 1.508945
1 3 	 1.466318 	 0.873838 	 1.508945
1 4 	 1.466318 	 0.873838 	 1.508945
1 5 	 1.466318 	 0.873838 	 1.508945
1 6 	 1.466318 	 0.873838 	 1.508945
1 7 	 1.466318 	 0.873838 	 1.508945
1 8 	 1.466318 	 0.873838 	 1.508945
1 9 	 1.466318 	 0.873838 	 1.508945
1 10 	 1.466318 	 0.873838 	 1.508945
1 11 	 1.466318 	 0.873838 	 1.508945
1 12 	 1.466318 	 0.873838 	 1.508945
1 13 	 1.466318 	 0.873838 	 1.508945
1 14 	 1.466318 	 0.873838 	 1.508945
1 15 	 1.466318 	 0.873838 	 1.508945
1 16 	 1.466318 	 0.873838 	 1.508945
1 17 	 1.466318 	 0.873838 	 1.508945
1 18 	 1.466318 	 0.873838 	 1.508945
1 19 	 1.466318 	 0.873838 	 1.508945
1 20 	 1.466318 	 0.873838 	 1.508945
1 21 	 1.466318 	 0.873838 	 1.508945
1 22 	 1.466318 	 0.873838 	 1.508945
1 23 	 1.466318 	 0.873838 	 1.508945
1 24 	 1.466318 	 0.873838 	 1.508945
1 25 	 1.466318 	 0.873838 	 1.508945
1 26 	 1.466318 	 0.873838 	 1.508945
1 27 	 1.466318 	 0.873838 	 1.508945
1 28 	 1.466318 	 0.873838 	 1.508945
1 29 	 1.466318 	 0.873838 	 1.508945
1 30 	 1.466318 	 0.873838 	 1.508945
1 31 	 1.466318 	 0.873838 	 1.508945
1 32 	 1.466318 	 0.873838 	 1.508945
1 33 	 1.466318 	 0.873838 	 1.508945
1 34 	 1.466318 	 0.873838 	 1.508945
1 35 	 1.466318 	 0.873838 	 1.508945
1 36 	 1.466318 	 0.873838 	 1.508945
1 37 	 1.466318 	 0.873838 	 1.508945
1 38 	 1.466318 	 0.873838 	 1.508945
1 39 	 1.466318 	 0.873838 	 1.508945
1 40 	 1.455287 	 0.872726 	 1.500041
1 41 	 1.451956 	 0.872116 	 1.508760
1 42 	 1.446539 	 0.872770 	 1.509151
1 43 	 1.433650 	 0.871023 	 1.516355
1 44 	 1.429053 	 0.871331 	 1.519974
1 45 	 1.423747 	 0.871881 	 1.517963
1 46 	 1.423117 	 0.872417 	 1.521625
1 47 	 1.405802 	 0.872353 	 1.527174
1 48 	 1.404077 	 0.872739 	 1.531045
1 49 	 1.393826 	 0.872790 	 1.534543
1 50 	 1.380986 	 0.872356 	 1.548361
1 51 	 1.373853 	 0.873511 	 1.562550
1 52 	 1.370751 	 0.873844 	 1.570593
1 53 	 1.370751 	 0.873844 	 1.570593
1 54 	 1.370751 	 0.873844 	 1.570593
1 55 	 1.370751 	 0.873844 	 1.570593
1 56 	 1.370751 	 0.873844 	 1.570593
1 57 	 1.370751 	 0.873844 	 1.570593
1 58 	 1.370751 	 0.873844 	 1.570593
1 59 	 1.370751 	 0.873844 	 1.570593
1 60 	 1.370751 	 0.873844 	 1.570593
1 61 	 1.370751 	 0.873844 	 1.570593
1 62 	 1.370751 	 0.873844 	 1.570593
1 63 	 1.370751 	 0.873844 	 1.570593
1 64 	 1.370751 	 0.873844 	 1.570593
1 65 	 1.370751 	 0.873844 	 1.570593
1 66 	 1.370751 	 0.873844 	 1.570593
1 67 	 1.370751 	 0.873844 	 1.570593
1 68 	 1.370751 	 0.873844 	 1.570593
1 69 	 1.370751 	 0.873844 	 1.570593
1 70 	 1.370751 	 0.873844 	 1.570593
1 71 	 1.370751 	 0.873844 	 1.570593
1 72 	 1.370751 	 0.873844 	 1.570593
1 73 	 1.370751 	 0.873844 	 1.570593
1 74 	 1.370751 	 0.873844 	 1.570593
1 75 	 1.370751 	 0.873844 	 1.570593
1 76 	 1.370751 	 0.873844 	 1.570593
1 77 	 1.370751 	 0.873844 	 1.570593
1 78 	 1.370751 	 0.873844 	 1.570593
1 79 	 1.370751 	 0.873844 	 1.570593
1 80 	 1.370751 	 0.873844 	 1.570593
1 81 	 1.370751 	 0.873844 	 1.570593
1 82 	 1.370751 	 0.873844 	 1.570593
1 83 	 1.370751 	 0.873844 	 1.570593
1 84 	 1.370751 	 0.873844 	 1.570593
1 85 	 1.370751 	 0.873844 	 1.570593
1 86 	 1.370751 	 0.873844 	 1.570593
1 87 	 1.370751 	 0.873844 	 1.570593
1 88 	 1.370751 	 0.873844 	 1.570593
1 89 	 1.370751 	 0.873844 	 1.570593
1 90 	 1.370751 	 0.873844 	 1.570593
2 1 	 1.056260 	 0.834611 	 2.453863
2 2 	 1.056260 	 0.834611 	 2.453863
2 3 	 1.056260 	 0.834611 	 2.453863
2 4 	 1.056260 	 0.834611 	 2.453863
2 5 	 1.056260 	 0.834611 	 2.453863
2 6 	 1.056260 	 0.834611 	 2.453863
2 7 	 1.056260 	 0.834611 	 2.453863
2 8 	 1.056260 	 0.834611 	 2.453863
2 9 	 1.056260 	 0.834611 	 2.453863
2 10 	 1.056260 	 0.834611 	 2.453863
2 11 	 1.056260 	 0.834611 	 2.453863
2 12 	 1.056260 	 0.834611 	 2.453863
2 13 	 1.056260 	 0.834611 	 2.453863
2 14 	 1.056260 	 0.834611 	 2.453863
2 15 	 1.056260 	 0.834611 	 2.453863
2 16 	 1.056260 	 0.834611 	 2.453863
2 17 	 1.056260 	 0.834611 	 2.453863
2 18 	 1.056260 	 0.834611 	 2.453863
2 19 	 1.056260 	 0.834611 	 2.453863
2 20 	 1.056260 	 0.834611 	 2.453863
2 21 	 1.056260 	 0.834611 	 2.453863
2 22 	 1.056260 	 0.834611 	 2.453863
2 23 	 1.056260 	 0.834611 	 2.453863
2 24 	 1.056260 	 0.834611 	 2.453863
2 25 	 1.056260 	 0.834611 	 2.453863
2 26 	 1.056260 	 0.834611 	 2.453863
2 27 	 1.056260 	 0.834611 	 2.453863
2 28 	 1.056260 	 0.834611 	 2.453863
2 29 	 1.056260 	 0.834611 	 2.453863
2 30 	 1.056260 	 0.834611 	 2.453863
2 31 	 1.056260 	 0.834611 	 2.453863
2 32 	 1.056260 	 0.834611 	 2.453863
2 33 	 1.056260 	 0.834611 	 2.453863
2 34 	 1.056260 	 0.834611 	 2.453863
2 35 	 1.056260 	 0.834611 	 2.453863
2 36 	 1.056260 	 0.834611 	 2.453863
2 37 	 1.056260 	 0.834611 	 2.453863
2 38 	 1.056260 	 0.834611 	 2.453863
2 39 	 1.056260 	 0.834611 	 2.453863
2 40 	 1.056260 	 0.834611 	 2.453863
2 41 	 1.056260 	 0.834611 	 2.453863
2 42 	 1.053372 	 0.833784 	 2.437940
2 43 	 1.048477 	 0.831199 	 2.425340
2 44 	 1.046767 	 0.831531 	 2.432959
2 45 	 1.047343 	 0.831268 	 2.433686
2 46 	 1.046325 	 0.831026 	 2.442511
2 47 	 1.044669 	 0.830584 	 2.470924
2 48 	 1.043836 	 0.830447 	 2.485175
2 49 	 1.040440 	 0.831051 	 2.499751
2 50 	 1.038061 	 0.831272 	 2.510819
2 51 	 1.037584 	 0.830640 	 2.515728
2 52 	 1.036020 	 0.829437 	 2.518982
2 53 	 1.035635 	 0.828577 	 2.519461
2 54 	 1.036922 	 0.828046 	 2.515202
2 55 	 1.034331 	 0.828238 	 2.512124
2 56 	 1.034132 	 0.828653 	 2.518376
2 57 	 1.035677 	 0.828458 	 2.523002
2 58 	 1.033801 	 0.827893 	 2.521646
2 59 	 1.030199 	 0.828160 	 2.527594
2 60 	 1.030558 	 0.827900 	 2.534186
2 61 	 1.028821 	 0.827956 	 2.539411
2 62 	 1.028821 	 0.827956 	 2.539411
2 63 	 1.028821 	 0.827956 	 2.539411
2 64 	 1.028821 	 0.827956 	 2.539411
2 65 	 1.028821 	 0.827956 	 2.539411
2 66 	 1.028821 	 0.827956 	 2.539411
2 67 	 1.028821 	 0.827956 	 2.539411
2 68 	 1.028821 	 0.827956 	 2.539411
2 69 	 1.028821 	 0.827956 	 2.539411
2 70 	 1.028821 	 0.827956 	 2.539411
2 71 	 1.028821 	 0.827956 	 2.539411
2 72 	 1.028821 	 0.827956 	 2.539411
2 73 	 1.028821 	 0.827956 	 2.539411
2 74 	 1.028821 	 0.827956 	 2.539411
2 75 	 1.028821 	 0.827956 	 2.539411
2 76 	 1.028821 	 0.827956 	 2.539411
2 77 	 1.028821 	 0.827956 	 2.539411
2 78 	 1.028821 	 0.827956 	 2.539411
2 79 	 1.028821 	 0.827956 	 2.539411
2 80 	 1.028821 	 0.827956 	 2.539411
2 81 	 1.028821 	 0.827956 	 2.539411
2 82 	 1.028821 	 0.827956 	 2.539411
2 83 	 1.028821 	 0.827956 	 2.539411
2 84 	 1.028821 	 0.827956 	 2.539411
2 85 	 1.028821 	 0.827956 	 2.539411
2 86 	 1.028821 	 0.827956 	 2.539411
2 87 	 1.028821 	 0.827956 	 2.539411
2 88 	 1.028821 	 0.827956 	 2.539411
2 89 	 1.028821 	 0.827956 	 2.539411
2 90 	 1.028821 	 0.827956 	 2.539411
2 91 	 1.028821 	 0.827956 	 2.539411
2 92 	 1.028821 	 0.827956 	 2.539411
2 93 	 1.028821 	 0.827956 	 2.539411
2 94 	 1.028821 	 0.827956 	 2.539411
2 95 	 1.028821 	 0.827956 	 2.539411
2 96 	 1.028821 	 0.827956 	 2.539411
2 97 	 1.028821 	 0.827956 	 2.539411
2 98 	 1.028821 	 0.827956 	 2.539411
2 99 	 1.028821 	 0.827956 	 2.539411
2 100 	 1.028821 	 0.827956 	 2.539411
2 101 	 1.028821 	 0.827956 	 2.539411
2 102 	 1.028821 	 0.827956 	 2.539411
3 1 	 1.198365 	 0.894215 	 2.388630
3 2 	 1.198365 	 0.894215 	 2.388630
3 3 	 1.198365 	 0.894215 	 2.388630
3 4 	 1.198365 	 0.894215 	 2.388630
3 5 	 1.198365 	 0.894215 	 2.388630
3 6 	 1.198365 	 0.894215 	 2.388630
3 7 	 1.198365 	 0.894215 	 2.388630
3 8 	 1.198365 	 0.894215 	 2.388630
3 9 	 1.198365 	 0.894215 	 2.388630
3 10 	 1.198365 	 0.894215 	 2.388630
3 11 	 1.198365 	 0.894215 	 2.388630
3 12 	 1.198365 	 0.894215 	 2.388630
3 13 	 1.198365 	 0.894215 	 2.388630
3 14 	 1.198365 	 0.894215 	 2.388630
3 15 	 1.198365 	 0.894215 	 2.388630
3 16 	 1.198365 	 0.894215 	 2.388630
3 17 	 1.198365 	 0.894215 	 2.388630
3 18 	 1.198365 	 0.894215 	 2.388630
3 19 	 1.198365 	 0.894215 	 2.388630
3 20 	 1.198365 	 0.894215 	 2.388630
3 21 	 1.198365 	 0.894215 	 2.388630
3 22 	 1.198365 	 0.894215 	 2.388630
3 23 	 1.198365 	 0.894215 	 2.388630
3 24 	 1.198365 	 0.894215 	 2.388630
3 25 	 1.198365 	 0.894215 	 2.388630
3 26 	 1.198365 	 0.894215 	 2.388630
3 27 	 1.198365 	 0.894215 	 2.388630
3 28 	 1.198365 	 0.894215 	 2.388630
3 29 	 1.198365 	 0.894215 	 2.388630
3 30 	 1.198243 	 0.893457 	 2.387020
3 31 	 1.195777 	 0.894194 	 2.381628
3 32 	 1.195990 	 0.893039 	 2.384105
3 33 	 1.195857 	 0.894143 	 2.382923
3 34 	 1.194579 	 0.892490 	 2.391830
3 35 	 1.196709 	 0.892323 	 2.395386
3 36 	 1.193605 	 0.891130 	 2.412220
3 37 	 1.194288 	 0.892315 	 2.416382
3 38 	 1.191097 	 0.895077 	 2.424689
3 39 	 1.191325 	 0.894268 	 2.436788
3 40 	 1.195640 	 0.895777 	 2.442368
3 41 	 1.199069 	 0.895892 	 2.442099
3 42 	 1.203392 	 0.896035 	 2.445550
3 43 	 1.202298 	 0.896481 	 2.442911
3 44 	 1.203876 	 0.896640 	 2.445883
3 45 	 1.198893 	 0.894971 	 2.451696
3 46 	 1.201674 	 0.897681 	 2.474591
3 47 	 1.203584 	 0.898137 	 2.469682
3 48 	 1.212313 	 0.897090 	 2.483382
3 49 	 1.214752 	 0.895397 	 2.476514
3 50 	 1.219176 	 0.896551 	 2.480953
3 51 	 1.219246 	 0.896816 	 2.485462
3 52 	 1.224472 	 0.897708 	 2.479999
3 53 	 1.226385 	 0.897382 	 2.481497
3 54 	 1.229104 	 0.895433 	 2.476137
3 55 	 1.231535 	 0.895472 	 2.491781
3 56 	 1.233903 	 0.896276 	 2.490938
3 57 	 1.236973 	 0.897257 	 2.499769
3 58 	 1.236973 	 0.897257 	 2.499769
3 59 	 1.236973 	 0.897257 	 2.499769
3 60 	 1.236973 	 0.897257 	 2.499769
3 61 	 1.236973 	 0.897257 	 2.499769
3 62 	 1.236973 	 0.897257 	 2.499769
3 63 	 1.236973 	 0.897257 	 2.499769
3 64 	 1.236973 	 0.897257 	 2.499769
3 65 	 1.236973 	 0.897257 	 2.499769
3 66 	 1.236973 	 0.897257 	 2.499769
3 67 	 1.236973 	 0.897257 	 2.499769
3 68 	 1.236973 	 0.897257 	 2.499769
3 69 	 1.236973 	 0.897257 	 2.499769
3 70 	 1.236973 	 0.897257 	 2.499769
3 71 	 1.236973 	 0.897257 	 2.499769
3 72 	 1.236973 	 0.897257 	 2.499769
3 73 	 1.236973 	 0.897257 	 2.499769
3 74 	 1.236973 	 0.897257 	 2.499769
3 75 	 1.236973 	 0.897257 	 2.499769
3 76 	 1.236973 	 0.897257 	 2.499769
3 77 	 1.236973 	 0.897257 	 2.499769
3 78 	 1.236973 	 0.897257 	 2.499769
3 79 	 1.236973 	 0.897257 	 2.499769
3 80 	 1.236973 	 0.897257 	 2.499769
3 81 	 1.236973 	 0.897257 	 2.499769
3 82 	 1.236973 	 0.897257 	 2.499769
3 83 	 1.236973 	 0.897257 	 2.499769
3 84 	 1.236973 	 0.897257 	 2.499769
3 85 	 1.236973 	 0.897257 	 2.499769
4 1 	 1.841637 	 0.932702 	 1.925641
4 2 	 1.841637 	 0.932702 	 1.925641
4 3 	 1.841637 	 0.932702 	 1.925641
4 4 	 1.841637 	 0.932702 	 1.925641
4 5 	 1.841637 	 0.932702 	 1.925641
4 6 	 1.841637 	 0.932702 	 1.925641
4 7 	 1.841637 	 0.932702 	 1.925641
4 8 	 1.841637 	 0.932702 	 1.925641
4 9 	 1.841637 	 0.932702 	 1.925641
4 10 	 1.841637 	 0.932702 	 1.925641
4 11 	 1.841637 	 0.932702 	 1.925641
4 12 	 1.841637 	 0.932702 	 1.925641
4 13 	 1.841637 	 0.932702 	 1.925641
4 14 	 1.841637 	 0.932702 	 1.925641
4 15 	 1.841637 	 0.932702 	 1.925641
4 16 	 1.841637 	 0.932702 	 1.925641
4 17 	 1.841637 	 0.932702 	 1.925641
4 18 	 1.841637 	 0.932702 	 1.925641
4 19 	 1.841637 	 0.932702 	 1.925641
4 20 	 1.841637 	 0.932702 	 1.925641
4 21 	 1.841637 	 0.932702 	 1.925641
4 22 	 1.841637 	 0.932702 	 1.925641
4 23 	 1.841637 	 0.932702 	 1.925641
4 24 	 1.841637 	 0.932702 	 1.925641
4 25 	 1.841637 	 0.932702 	 1.925641
4 26 	 1.841637 	 0.932702 	 1.925641
4 27 	 1.841637 	 0.932702 	 1.925641
4 28 	 1.841637 	 0.932702 	 1.925641
4 29 	 1.841637 	 0.932702 	 1.925641
4 30 	 1.841637 	 0.932702 	 1.925641
4 31 	 1.841637 	 0.932702 	 1.925641
4 32 	 1.841637 	 0.932702 	 1.925641
4 33 	 1.841637 	 0.932702 	 1.925641
4 34 	 1.841637 	 0.932702 	 1.925641
4 35 	 1.841637 	 0.932702 	 1.925641
4 36 	 1.841637 	 0.932702 	 1.925641
4 37 	 1.841637 	 0.932702 	 1.925641
4 38 	 1.841637 	 0.932702 	 1.925641
4 39 	 1.841637 	 0.932702 	 1.925641
4 40 	 1.841637 	 0.932702 	 1.925641
4 41 	 1.860129 	 0.930123 	 1.914009
4 42 	 1.879802 	 0.927729 	 1.897162
4 43 	 1.897337 	 0.925962 	 1.886286
4 44 	 1.915340 	 0.924143 	 1.888965
4 45 	 1.924003 	 0.924386 	 1.881327
4 46 	 1.953791 	 0.924236 	 1.890535
4 47 	 1.963323 	 0.923719 	 1.892082
4 48 	 1.992319 	 0.925555 	 1.892024
4 49 	 2.008961 	 0.925402 	 1.892091
4 50 	 2.041523 	 0.923631 	 1.892404
4 51 	 2.076051 	 0.927452 	 1.894951
4 52 	 2.119213 	 0.929847 	 1.893770
4 53 	 2.137722 	 0.928167 	 1.893693
4 54 	 2.173922 	 0.932486 	 1.877171
4 55 	 2.211784 	 0.930694 	 1.888431
4 56 	 2.216984 	 0.930633 	 1.886148
4 57 	 2.216984 	 0.930633 	 1.886148
4 58 	 2.216984 	 0.930633 	 1.886148
4 59 	 2.216984 	 0.930633 	 1.886148
4 60 	 2.216984 	 0.930633 	 1.886148
4 61 	 2.216984 	 0.930633 	 1.886148
4 62 	 2.216984 	 0.930633 	 1.886148
4 63 	 2.216984 	 0.930633 	 1.886148
4 64 	 2.216984 	 0.930633 	 1.886148
4 65 	 2.216984 	 0.930633 	 1.886148
4 66 	 2.216984 	 0.930633 	 1.886148
4 67 	 2.216984 	 0.930633 	 1.886148
4 68 	 2.216984 	 0.930633 	 1.886148
4 69 	 2.216984 	 0.930633 	 1.886148
4 70 	 2.216984 	 0.930633 	 1.886148
4 71 	 2.216984 	 0.930633 	 1.886148
4 72 	 2.216984 	 0.930633 	 1.886148
4 73 	 2.216984 	 0.930633 	 1.886148
4 74 	 2.216984 	 0.930633 	 1.886148
4 75 	 2.216984 	 0.930633 	 1.886148
4 76 	 2.216984 	 0.930633 	 1.886148
4 77 	 2.216984 	 0.930633 	 1.886148
4 78 	 2.216984 	 0.930633 	 1.886148
4 79 	 2.216984 	 0.930633 	 1.886148
4 80 	 2.216984 	 0.930633 	 1.886148
4 81 	 2.216984 	 0.930633 	 1.886148
4 82 	 2.216984 	 0.930633 	 1.886148
4 83 	 2.216984 	 0.930633 	 1.886148
4 84 	 2.216984 	 0.930633 	 1.886148
4 85 	 2.216984 	 0.930633 	 1.886148
4 86 	 2.216984 	 0.930633 	 1.886148
4 87 	 2.216984 	 0.930633 	 1.886148
4 88 	 2.216984 	 0.930633 	 1.886148
4 89 	 2.216984 	 0.930633 	 1.886148
4 90 	 2.216984 	 0.930633 	 1.886148
4 91 	 2.216984 	 0.930633 	 1.886148
4 92 	 2.216984 	 0.930633 	 1.886148
4 93 	 2.216984 	 0.930633 	 1.886148
4 94 	 2.216984 	 0.930633 	 1.886148
5 1 	 1.358535 	 0.895057 	 1.985436
5 2 	 1.358535 	 0.895057 	 1.985436
5 3 	 1.358535 	 0.895057 	 1.985436
5 4 	 1.358535 	 0.895057 	 1.985436
5 5 	 1.358535 	 0.895057 	 1.985436
5 6 	 1.358535 	 0.895057 	 1.985436
5 7 	 1.358535 	 0.895057 	 1.985436
5 8 	 1.358535 	 0.895057 	 1.985436
5 9 	 1.358535 	 0.895057 	 1.985436
5 10 	 1.358535 	 0.895057 	 1.985436
5 11 	 1.358535 	 0.895057 	 1.985436
5 12 	 1.358535 	 0.895057 	 1.985436
5 13 	 1.358535 	 0.895057 	 1.985436
5 14 	 1.358535 	 0.895057 	 1.985436
5 15 	 1.358535 	 0.895057 	 1.985436
5 16 	 1.358535 	 0.895057 	 1.985436
5 17 	 1.358535 	 0.895057 	 1.985436
5 18 	 1.358535 	 0.895057 	 1.985436
5 19 	 1.358535 	 0.895057 	 1.985436
5 20 	 1.358535 	 0.895057 	 1.985436
5 21 	 1.358535 	 0.895057 	 1.985436
5 22 	 1.358535 	 0.895057 	 1.985436
5 23 	 1.358535 	 0.895057 	 1.985436
5 24 	 1.358535 	 0.895057 	 1.985436
5 25 	 1.358535 	 0.895057 	 1.985436
5 26 	 1.358535 	 0.895057 	 1.985436
5 27 	 1.358535 	 0.895057 	 1.985436
5 28 	 1.358535 	 0.895057 	 1.985436
5 29 	 1.358535 	 0.895057 	 1.985436
5 30 	 1.358535 	 0.895057 	 1.985436
5 31 	 1.358535 	 0.895057 	 1.985436
5 32 	 1.358535 	 0.895057 	 1.985436
5 33 	 1.358535 	 0.895057 	 1.985436
5 34 	 1.358535 	 0.895057 	 1.985436
5 35 	 1.358535 	 0.895057 	 1.985436
5 36 	 1.358535 	 0.895057 	 1.985436
5 37 	 1.358535 	 0.895057 	 1.985436
5 38 	 1.358535 	 0.895057 	 1.985436
5 39 	 1.358535 	 0.895057 	 1.985436
5 40 	 1.358535 	 0.895057 	 1.985436
5 41 	 1.354780 	 0.895978 	 1.987164
5 42 	 1.348897 	 0.897204 	 1.988105
5 43 	 1.345778 	 0.898035 	 1.977159
5 44 	 1.343866 	 0.898087 	 1.974096
5 45 	 1.343866 	 0.898087 	 1.974096
5 46 	 1.343866 	 0.898087 	 1.974096
5 47 	 1.343866 	 0.898087 	 1.974096
5 48 	 1.343866 	 0.898087 	 1.974096
5 49 	 1.343866 	 0.898087 	 1.974096
5 50 	 1.343866 	 0.898087 	 1.974096
5 51 	 1.343866 	 0.898087 	 1.974096
5 52 	 1.343866 	 0.898087 	 1.974096
5 53 	 1.343866 	 0.898087 	 1.974096
5 54 	 1.343866 	 0.898087 	 1.974096
5 55 	 1.343866 	 0.898087 	 1.974096
5 56 	 1.343866 	 0.898087 	 1.974096
5 57 	 1.343866 	 0.898087 	 1.974096
5 58 	 1.343866 	 0.898087 	 1.974096
5 59 	 1.343866 	 0.898087 	 1.974096
5 60 	 1.343866 	 0.898087 	 1.974096
5 61 	 1.343866 	 0.898087 	 1.974096
5 62 	 1.343866 	 0.898087 	 1.974096
5 63 	 1.343866 	 0.898087 	 1.974096
5 64 	 1.343866 	 0.898087 	 1.974096
5 65 	 1.343866 	 0.898087 	 1.974096
5 66 	 1.343866 	 0.898087 	 1.974096
5 67 	 1.343866 	 0.898087 	 1.974096
5 68 	 1.343866 	 0.898087 	 1.974096
5 69 	 1.343866 	 0.898087 	 1.974096
5 70 	 1.343866 	 0.898087 	 1.974096
5 71 	 1.343866 	 0.898087 	 1.974096
5 72 	 1.343866 	 0.898087 	 1.974096
5 73 	 1.343866 	 0.898087 	 1.974096
5 74 	 1.343866 	 0.898087 	 1.974096
5 75 	 1.343866 	 0.898087 	 1.974096
5 76 	 1.343866 	 0.898087 	 1.974096
5 77 	 1.343866 	 0.898087 	 1.974096
5 78 	 1.343866 	 0.898087 	 1.974096
5 79 	 1.343866 	 0.898087 	 1.974096
5 80 	 1.343866 	 0.898087 	 1.974096
5 81 	 1.343866 	 0.898087 	 1.974096
5 82 	 1.343866 	 0.898087 	 1.974096
5 83 	 1.343866 	 0.898087 	 1.974096
6 1 	 1.480335 	 0.916556 	 1.630585
6 2 	 1.480335 	 0.916556 	 1.630585
6 3 	 1.480335 	 0.916556 	 1.630585
6 4 	 1.480335 	 0.916556 	 1.630585
6 5 	 1.480335 	 0.916556 	 1.630585
6 6 	 1.480335 	 0.916556 	 1.630585
6 7 	 1.480335 	 0.916556 	 1.630585
6 8 	 1.480335 	 0.916556 	 1.630585
6 9 	 1.480335 	 0.916556 	 1.630585
6 10 	 1.480335 	 0.916556 	 1.630585
6 11 	 1.480335 	 0.916556 	 1.630585
6 12 	 1.480335 	 0.916556 	 1.630585
6 13 	 1.480335 	 0.916556 	 1.630585
6 14 	 1.480335 	 0.916556 	 1.630585
6 15 	 1.480335 	 0.916556 	 1.630585
6 16 	 1.480335 	 0.916556 	 1.630585
6 17 	 1.480335 	 0.916556 	 1.630585
6 18 	 1.480335 	 0.916556 	 1.630585
6 19 	 1.480335 	 0.916556 	 1.630585
6 20 	 1.480335 	 0.916556 	 1.630585
6 21 	 1.480335 	 0.916556 	 1.630585
6 22 	 1.480335 	 0.916556 	 1.630585
6 23 	 1.480335 	 0.916556 	 1.630585
6 24 	 1.480335 	 0.916556 	 1.630585
6 25 	 1.480335 	 0.916556 	 1.630585
6 26 	 1.480335 	 0.916556 	 1.630585
6 27 	 1.480335 	 0.916556 	 1.630585
6 28 	 1.480335 	 0.916556 	 1.630585
6 29 	 1.480335 	 0.916556 	 1.630585
6 30 	 1.480335 	 0.916556 	 1.630585
6 31 	 1.480335 	 0.916556 	 1.630585
6 32 	 1.480335 	 0.916556 	 1.630585
6 33 	 1.480335 	 0.916556 	 1.630585
6 34 	 1.480335 	 0.916556 	 1.630585
6 35 	 1.480335 	 0.916556 	 1.630585
6 36 	 1.480335 	 0.916556 	 1.630585
6 37 	 1.480335 	 0.916556 	 1.630585
6 38 	 1.480335 	 0.916556 	 1.630585
6 39 	 1.480335 	 0.916556 	 1.630585
6 40 	 1.480335 	 0.916556 	 1.630585
6 41 	 1.480335 	 0.916556 	 1.630585
6 42 	 1.480335 	 0.916556 	 1.630585
6 43 	 1.480335 	 0.916556 	 1.630585
6 44 	 1.480335 	 0.916556 	 1.630585
6 45 	 1.480335 	 0.916556 	 1.630585
6 46 	 1.480335 	 0.916556 	 1.630585
6 47 	 1.480335 	 0.916556 	 1.630585
6 48 	 1.480335 	 0.916556 	 1.630585
7 1 	 3.466446 	 1.013205 	 1.726761
7 2 	 3.466446 	 1.013205 	 1.726761
7 3 	 3.466446 	 1.013205 	 1.726761
7 4 	 3.466446 	 1.013205 	 1.726761
7 5 	 3.466446 	 1.013205 	 1.726761
7 6 	 3.466446 	 1.013205 	 1.726761
7 7 	 3.466446 	 1.013205 	 1.726761
7 8 	 3.466446 	 1.013205 	 1.726761
7 9 	 3.466446 	 1.013205 	 1.726761
7 10 	 3.466446 	 1.013205 	 1.726761
7 11 	 3.466446 	 1.013205 	 1.726761
7 12 	 3.466446 	 1.013205 	 1.726761
7 13 	 3.466446 	 1.013205 	 1.726761
7 14 	 3.466446 	 1.013205 	 1.726761
7 15 	 3.466446 	 1.013205 	 1.726761
7 16 	 3.466446 	 1.013205 	 1.726761
7 17 	 3.466446 	 1.013205 	 1.726761
7 18 	 3.466446 	 1.013205 	 1.726761
7 19 	 3.466446 	 1.013205 	 1.726761
7 20 	 3.466446 	 1.013205 	 1.726761
7 21 	 3.466446 	 1.013205 	 1.726761
7 22 	 3.466446 	 1.013205 	 1.726761
7 23 	 3.466446 	 1.013205 	 1.726761
7 24 	 3.466446 	 1.013205 	 1.726761
7 25 	 3.466446 	 1.013205 	 1.726761
7 26 	 3.466446 	 1.013205 	 1.726761
7 27 	 3.466446 	 1.013205 	 1.726761
8 1 	 1.595217 	 1.016163 	 1.899571
8 2 	 1.595217 	 1.016163 	 1.899571
8 3 	 1.595217 	 1.016163 	 1.899571
8 4 	 1.595217 	 1.016163 	 1.899571
8 5 	 1.595217 	 1.016163 	 1.899571
8 6 	 1.595217 	 1.016163 	 1.899571
8 7 	 1.595217 	 1.016163 	 1.899571
8 8 	 1.595217 	 1.016163 	 1.899571
8 9 	 1.595217 	 1.016163 	 1.899571
8 10 	 1.595217 	 1.016163 	 1.899571
8 11 	 1.595217 	 1.016163 	 1.899571
8 12 	 1.595217 	 1.016163 	 1.899571
8 13 	 1.595217 	 1.016163 	 1.899571
8 14 	 1.595217 	 1.016163 	 1.899571
8 15 	 1.595217 	 1.016163 	 1.899571
8 16 	 1.595217 	 1.016163 	 1.899571
8 17 	 1.595217 	 1.016163 	 1.899571
8 18 	 1.595217 	 1.016163 	 1.899571
8 19 	 1.595217 	 1.016163 	 1.899571
8 20 	 1.595217 	 1.016163 	 1.899571
8 21 	 1.595217 	 1.016163 	 1.899571
8 22 	 1.595217 	 1.016163 	 1.899571
8 23 	 1.595217 	 1.016163 	 1.899571
8 24 	 1.595217 	 1.016163 	 1.899571
8 25 	 1.595217 	 1.016163 	 1.899571
8 26 	 1.595217 	 1.016163 	 1.899571
8 27 	 1.595217 	 1.016163 	 1.899571
8 28 	 1.595217 	 1.016163 	 1.899571
8 29 	 1.595217 	 1.016163 	 1.899571
8 30 	 1.595217 	 1.016163 	 1.899571
8 31 	 1.595217 	 1.016163 	 1.899571
8 32 	 1.595217 	 1.016163 	 1.899571
8 33 	 1.595217 	 1.016163 	 1.899571
8 34 	 1.595217 	 1.016163 	 1.899571
8 35 	 1.595217 	 1.016163 	 1.899571
8 36 	 1.595217 	 1.016163 	 1.899571
8 37 	 1.595217 	 1.016163 	 1.899571
8 38 	 1.595217 	 1.016163 	 1.899571
8 39 	 1.595217 	 1.016163 	 1.899571
8 40 	 1.595217 	 1.016163 	 1.899571
8 41 	 1.595217 	 1.016163 	 1.899571
8 42 	 1.595217 	 1.016163 	 1.899571
8 43 	 1.595217 	 1.016163 	 1.899571
8 44 	 1.595217 	 1.016163 	 1.899571
8 45 	 1.595217 	 1.016163 	 1.899571
8 46 	 1.595217 	 1.016163 	 1.899571
8 47 	 1.595217 	 1.016163 	 1.899571
8 48 	 1.600371 	 1.016913 	 1.902759
8 49 	 1.601665 	 1.015070 	 1.906486
8 50 	 1.604304 	 1.016309 	 1.904799
8 51 	 1.619123 	 1.017681 	 1.892373
8 52 	 1.625130 	 1.015145 	 1.898183
8 53 	 1.639120 	 1.014237 	 1.879384
8 54 	 1.649387 	 1.013261 	 1.903448
8 55 	 1.664938 	 1.011446 	 1.894257
8 56 	 1.665133 	 1.012179 	 1.899541
8 57 	 1.668355 	 1.012741 	 1.898044
8 58 	 1.678237 	 1.010331 	 1.890293
8 59 	 1.678237 	 1.010331 	 1.890293
8 60 	 1.678237 	 1.010331 	 1.890293
8 61 	 1.678237 	 1.010331 	 1.890293
8 62 	 1.678237 	 1.010331 	 1.890293
8 63 	 1.678237 	 1.010331 	 1.890293
8 64 	 1.678237 	 1.010331 	 1.890293
8 65 	 1.678237 	 1.010331 	 1.890293
8 66 	 1.678237 	 1.010331 	 1.890293
8 67 	 1.678237 	 1.010331 	 1.890293
8 68 	 1.678237 	 1.010331 	 1.890293
8 69 	 1.678237 	 1.010331 	 1.890293
8 70 	 1.678237 	 1.010331 	 1.890293
8 71 	 1.678237 	 1.010331 	 1.890293
8 72 	 1.678237 	 1.010331 	 1.890293
8 73 	 1.678237 	 1.010331 	 1.890293
8 74 	 1.678237 	 1.010331 	 1.890293
8 75 	 1.678237 	 1.010331 	 1.890293
8 76 	 1.678237 	 1.010331 	 1.890293
8 77 	 1.678237 	 1.010331 	 1.890293
8 78 	 1.678237 	 1.010331 	 1.890293
8 79 	 1.678237 	 1.010331 	 1.890293
8 80 	 1.678237 	 1.010331 	 1.890293
8 81 	 1.678237 	 1.010331 	 1.890293
8 82 	 1.678237 	 1.010331 	 1.890293
8 83 	 1.678237 	 1.010331 	 1.890293
8 84 	 1.678237 	 1.010331 	 1.890293
8 85 	 1.678237 	 1.010331 	 1.890293
8 86 	 1.678237 	 1.010331 	 1.890293
8 87 	 1.678237 	 1.010331 	 1.890293
8 88 	 1.678237 	 1.010331 	 1.890293
8 89 	 1.678237 	 1.010331 	 1.890293
8 90 	 1.678237 	 1.010331 	 1.890293
8 91 	 1.678237 	 1.010331 	 1.890293
8 92 	 1.678237 	 1.010331 	 1.890293
8 93 	 1.678237 	 1.010331 	 1.890293
8 94 	 1.678237 	 1.010331 	 1.890293
8 95 	 1.678237 	 1.010331 	 1.890293
8 96 	 1.678237 	 1.010331 	 1.890293
8 97 	 1.678237 	 1.010331 	 1.890293
8 98 	 1.678237 	 1.010331 	 1.890293
8 99 	 1.678237 	 1.010331 	 1.890293
8 100 	 1.678237 	 1.010331 	 1.890293
8 101 	 1.678237 	 1.010331 	 1.890293
8 102 	 1.678237 	 1.010331 	 1.890293
8 103 	 1.678237 	 1.010331 	 1.890293
9 1 	 1.967230 	 0.952275 	 1.572112
9 2 	 1.967230 	 0.952275 	 1.572112
9 3 	 1.967230 	 0.952275 	 1.572112
9 4 	 1.967230 	 0.952275 	 1.572112
9 5 	 1.967230 	 0.952275 	 1.572112
9 6 	 1.967230 	 0.952275 	 1.572112
9 7 	 1.967230 	 0.952275 	 1.572112
9 8 	 1.967230 	 0.952275 	 1.572112
9 9 	 1.967230 	 0.952275 	 1.572112
9 10 	 1.967230 	 0.952275 	 1.572112
9 11 	 1.967230 	 0.952275 	 1.572112
9 12 	 1.967230 	 0.952275 	 1.572112
9 13 	 1.967230 	 0.952275 	 1.572112
9 14 	 1.967230 	 0.952275 	 1.572112
9 15 	 1.967230 	 0.952275 	 1.572112
9 16 	 1.967230 	 0.952275 	 1.572112
9 17 	 1.967230 	 0.952275 	 1.572112
9 18 	 1.967230 	 0.952275 	 1.572112
9 19 	 1.967230 	 0.952275 	 1.572112
9 20 	 1.967230 	 0.952275 	 1.572112
9 21 	 1.967230 	 0.952275 	 1.572112
9 22 	 1.967230 	 0.952275 	 1.572112
9 23 	 1.967230 	 0.952275 	 1.572112
9 24 	 1.967230 	 0.952275 	 1.572112
9 25 	 1.967230 	 0.952275 	 1.572112
9 26 	 1.967230 	 0.952275 	 1.572112
9 27 	 1.967230 	 0.952275 	 1.572112
9 28 	 1.967230 	 0.952275 	 1.572112
9 29 	 1.967230 	 0.952275 	 1.572112
9 30 	 1.967230 	 0.952275 	 1.572112
9 31 	 1.967230 	 0.952275 	 1.572112
9 32 	 1.967230 	 0.952275 	 1.572112
9 33 	 1.967230 	 0.952275 	 1.572112
9 34 	 1.967230 	 0.952275 	 1.572112
9 35 	 1.967230 	 0.952275 	 1.572112
9 36 	 1.967230 	 0.952275 	 1.572112
9 37 	 1.967230 	 0.952275 	 1.572112
9 38 	 1.967230 	 0.952275 	 1.572112
9 39 	 1.967230 	 0.952275 	 1.572112
9 40 	 1.967230 	 0.952275 	 1.572112
9 41 	 1.967230 	 0.952275 	 1.572112
9 42 	 1.967230 	 0.952275 	 1.572112
9 43 	 1.967230 	 0.952275 	 1.572112
9 44 	 1.967230 	 0.952275 	 1.572112
9 45 	 1.967230 	 0.952275 	 1.572112
9 46 	 1.967230 	 0.952275 	 1.572112
9 47 	 1.967230 	 0.952275 	 1.572112
9 48 	 1.967230 	 0.952275 	 1.572112
9 49 	 1.967230 	 0.952275 	 1.572112
9 50 	 1.967230 	 0.952275 	 1.572112
9 51 	 1.967230 	 0.952275 	 1.572112
9 52 	 1.967230 	 0.952275 	 1.572112
9 53 	 1.967230 	 0.952275 	 1.572112
9 54 	 1.967230 	 0.952275 	 1.572112
9 55 	 1.967230 	 0.952275 	 1.572112
9 56 	 1.967230 	 0.952275 	 1.572112
9 57 	 1.967230 	 0.952275 	 1.572112
9 58 	 1.967230 	 0.952275 	 1.572112
9 59 	 1.967230 	 0.952275 	 1.572112
9 60 	 1.967230 	 0.952275 	 1.572112
9 61 	 1.967230 	 0.952275 	 1.572112
9 62 	 1.967230 	 0.952275 	 1.572112
9 63 	 1.967230 	 0.952275 	 1.572112
9 64 	 1.967230 	 0.952275 	 1.572112
9 65 	 1.967230 	 0.952275 	 1.572112
9 66 	 1.967230 	 0.952275 	 1.572112
9 67 	 1.967230 	 0.952275 	 1.572112
9 68 	 1.967230 	 0.952275 	 1.572112
9 69 	 1.967230 	 0.952275 	 1.572112
9 70 	 1.967230 	 0.952275 	 1.572112
9 71 	 1.967230 	 0.952275 	 1.572112
9 72 	 1.967230 	 0.952275 	 1.572112
9 73 	 1.967230 	 0.952275 	 1.572112
10 1 	 1.370166 	 0.949658 	 2.417825
10 2 	 1.370166 	 0.949658 	 2.417825
10 3 	 1.370166 	 0.949658 	 2.417825
10 4 	 1.370166 	 0.949658 	 2.417825
10 5 	 1.370166 	 0.949658 	 2.417825
10 6 	 1.370166 	 0.949658 	 2.417825
10 7 	 1.370166 	 0.949658 	 2.417825
10 8 	 1.370166 	 0.949658 	 2.417825
10 9 	 1.370166 	 0.949658 	 2.417825
10 10 	 1.370166 	 0.949658 	 2.417825
10 11 	 1.370166 	 0.949658 	 2.417825
10 12 	 1.370166 	 0.949658 	 2.417825
10 13 	 1.370166 	 0.949658 	 2.417825
10 14 	 1.370166 	 0.949658 	 2.417825
10 15 	 1.370166 	 0.949658 	 2.417825
10 16 	 1.370166 	 0.949658 	 2.417825
10 17 	 1.370166 	 0.949658 	 2.417825
10 18 	 1.370166 	 0.949658 	 2.417825
10 19 	 1.370166 	 0.949658 	 2.417825
10 20 	 1.370166 	 0.949658 	 2.417825
10 21 	 1.370166 	 0.949658 	 2.417825
10 22 	 1.370166 	 0.949658 	 2.417825
10 23 	 1.370166 	 0.949658 	 2.417825
10 24 	 1.370166 	 0.949658 	 2.417825
10 25 	 1.370166 	 0.949658 	 2.417825
10 26 	 1.370166 	 0.949658 	 2.417825
10 27 	 1.370166 	 0.949658 	 2.417825
10 28 	 1.370166 	 0.949658 	 2.417825
10 29 	 1.370166 	 0.949658 	 2.417825
10 30 	 1.370166 	 0.949658 	 2.417825
10 31 	 1.370166 	 0.949658 	 2.417825
10 32 	 1.370166 	 0.949658 	 2.417825
10 33 	 1.370166 	 0.949658 	 2.417825
10 34 	 1.370166 	 0.949658 	 2.417825
10 35 	 1.370166 	 0.949658 	 2.417825
10 36 	 1.370166 	 0.949658 	 2.417825
10 37 	 1.370166 	 0.949658 	 2.417825
10 38 	 1.370166 	 0.949658 	 2.417825
10 39 	 1.370166 	 0.949658 	 2.417825
10 40 	 1.370166 	 0.949658 	 2.417825
10 41 	 1.370166 	 0.949658 	 2.417825
10 42 	 1.370166 	 0.949658 	 2.417825
10 43 	 1.370166 	 0.949658 	 2.417825
10 44 	 1.369698 	 0.948373 	 2.413247
10 45 	 1.373640 	 0.945400 	 2.418701
10 46 	 1.374710 	 0.943675 	 2.400182
10 47 	 1.379616 	 0.945543 	 2.391059
10 48 	 1.389142 	 0.944989 	 2.389607
10 49 	 1.391439 	 0.945917 	 2.389721
10 50 	 1.396800 	 0.948391 	 2.392873
10 51 	 1.405363 	 0.949873 	 2.392018
10 52 	 1.411876 	 0.951489 	 2.381642
10 53 	 1.414247 	 0.950301 	 2.387458
10 54 	 1.422448 	 0.949260 	 2.374776
10 55 	 1.427952 	 0.953125 	 2.368203
10 56 	 1.430309 	 0.952094 	 2.353413
10 57 	 1.433271 	 0.952110 	 2.351610
10 58 	 1.436684 	 0.951196 	 2.349630
10 59 	 1.442626 	 0.952110 	 2.376789
10 60 	 1.445955 	 0.949137 	 2.377076
10 61 	 1.449326 	 0.951181 	 2.382412
10 62 	 1.450165 	 0.949582 	 2.380702
10 63 	 1.455020 	 0.951563 	 2.361664
10 64 	 1.455672 	 0.951115 	 2.361885
10 65 	 1.457943 	 0.951934 	 2.352314
10 66 	 1.459307 	 0.951194 	 2.339223
10 67 	 1.459265 	 0.947956 	 2.330081
10 68 	 1.459265 	 0.947956 	 2.330081
10 69 	 1.459265 	 0.947956 	 2.330081
10 70 	 1.459265 	 0.947956 	 2.330081
10 71 	 1.459265 	 0.947956 	 2.330081
10 72 	 1.459265 	 0.947956 	 2.330081
10 73 	 1.459265 	 0.947956 	 2.330081
10 74 	 1.459265 	 0.947956 	 2.330081
10 75 	 1.459265 	 0.947956 	 2.330081
10 76 	 1.459265 	 0.947956 	 2.330081
10 77 	 1.459265 	 0.947956 	 2.330081
10 78 	 1.459265 	 0.947956 	 2.330081
10 79 	 1.459265 	 0.947956 	 2.330081
10 80 	 1.459265 	 0.947956 	 2.330081
10 81 	 1.459265 	 0.947956 	 2.330081
10 82 	 1.459265 	 0.947956 	 2.330081
10 83 	 1.459265 	 0.947956 	 2.330081
10 84 	 1.459265 	 0.947956 	 2.330081
10 85 	 1.459265 	 0.947956 	 2.330081
10 86 	 1.459265 	 0.947956 	 2.330081
10 87 	 1.459265 	 0.947956 	 2.330081
10 88 	 1.459265 	 0.947956 	 2.330081
10 89 	 1.459265 	 0.947956 	 2.330081
10 90 	 1.459265 	 0.947956 	 2.330081
10 91 	 1.459265 	 0.947956 	 2.330081
10 92 	 1.459265 	 0.947956 	 2.330081
10 93 	 1.459265 	 0.947956 	 2.330081
10 94 	 1.459265 	 0.947956 	 2.330081
10 95 	 1.459265 	 0.947956 	 2.330081
10 96 	 1.459265 	 0.947956 	 2.330081
10 97 	 1.459265 	 0.947956 	 2.330081
10 98 	 1.459265 	 0.947956 	 2.330081
10 99 	 1.459265 	 0.947956 	 2.330081
10 100 	 1.459265 	 0.947956 	 2.330081
10 101 	 1.459265 	 0.947956 	 2.330081
10 102 	 1.459265 	 0.947956 	 2.330081
10 103 	 1.459265 	 0.947956 	 2.330081
10 104 	 1.459265 	 0.947956 	 2.330081
10 105 	 1.459265 	 0.947956 	 2.330081
10 106 	 1.459265 	 0.947956 	 2.330081
10 107 	 1.459265 	 0.947956 	 2.330081
10 108 	 1.459265 	 0.947956 	 2.330081
10 109 	 1.459265 	 0.947956 	 2.330081
11 1 	 1.648719 	 0.841753 	 1.804198
11 2 	 1.648719 	 0.841753 	 1.804198
11 3 	 1.648719 	 0.841753 	 1.804198
11 4 	 1.648719 	 0.841753 	 1.804198
11 5 	 1.648719 	 0.841753 	 1.804198
11 6 	 1.648719 	 0.841753 	 1.804198
11 7 	 1.648719 	 0.841753 	 1.804198
11 8 	 1.648719 	 0.841753 	 1.804198
11 9 	 1.648719 	 0.841753 	 1.804198
11 10 	 1.648719 	 0.841753 	 1.804198
11 11 	 1.648719 	 0.841753 	 1.804198
11 12 	 1.648719 	 0.841753 	 1.804198
11 13 	 1.648719 	 0.841753 	 1.804198
11 14 	 1.648719 	 0.841753 	 1.804198
11 15 	 1.648719 	 0.841753 	 1.804198
11 16 	 1.648719 	 0.841753 	 1.804198
11 17 	 1.648719 	 0.841753 	 1.804198
11 18 	 1.648719 	 0.841753 	 1.804198
11 19 	 1.648719 	 0.841753 	 1.804198
11 20 	 1.648719 	 0.841753 	 1.804198
11 21 	 1.648719 	 0.841753 	 1.804198
11 22 	 1.648719 	 0.841753 	 1.804198
11 23 	 1.648719 	 0.841753 	 1.804198
11 24 	 1.648719 	 0.841753 	 1.804198
11 25 	 1.648719 	 0.841753 	 1.804198
11 26 	 1.648719 	 0.841753 	 1.804198
11 27 	 1.648719 	 0.841753 	 1.804198
11 28 	 1.648719 	 0.841753 	 1.804198
11 29 	 1.648719 	 0.841753 	 1.804198
11 30 	 1.648719 	 0.841753 	 1.804198
11 31 	 1.648719 	 0.841753 	 1.804198
11 32 	 1.648719 	 0.841753 	 1.804198
11 33 	 1.648719 	 0.841753 	 1.804198
11 34 	 1.648719 	 0.841753 	 1.804198
11 35 	 1.648719 	 0.841753 	 1.804198
11 36 	 1.648719 	 0.841753 	 1.804198
11 37 	 1.648719 	 0.841753 	 1.804198
11 38 	 1.648719 	 0.841753 	 1.804198
11 39 	 1.648719 	 0.841753 	 1.804198
11 40 	 1.648719 	 0.841753 	 1.804198
11 41 	 1.648719 	 0.841753 	 1.804198
11 42 	 1.671084 	 0.842717 	 1.791398
11 43 	 1.677036 	 0.842861 	 1.789414
11 44 	 1.699178 	 0.843460 	 1.786304
11 45 	 1.716684 	 0.842896 	 1.788165
11 46 	 1.724116 	 0.843365 	 1.803699
11 47 	 1.745104 	 0.844646 	 1.823955
11 48 	 1.755450 	 0.844772 	 1.824689
11 49 	 1.770836 	 0.847239 	 1.829319
11 50 	 1.773758 	 0.847649 	 1.831912
11 51 	 1.776410 	 0.847135 	 1.833015
11 52 	 1.779843 	 0.846377 	 1.834833
11 53 	 1.784765 	 0.846546 	 1.836451
11 54 	 1.795019 	 0.846832 	 1.834645
11 55 	 1.793540 	 0.846782 	 1.838002
11 56 	 1.789896 	 0.845919 	 1.834772
11 57 	 1.789896 	 0.845919 	 1.834772
11 58 	 1.789896 	 0.845919 	 1.834772
11 59 	 1.789896 	 0.845919 	 1.834772
11 60 	 1.789896 	 0.845919 	 1.834772
11 61 	 1.789896 	 0.845919 	 1.834772
11 62 	 1.789896 	 0.845919 	 1.834772
11 63 	 1.789896 	 0.845919 	 1.834772
11 64 	 1.789896 	 0.845919 	 1.834772
11 65 	 1.789896 	 0.845919 	 1.834772
11 66 	 1.789896 	 0.845919 	 1.834772
11 67 	 1.789896 	 0.845919 	 1.834772
11 68 	 1.789896 	 0.845919 	 1.834772
11 69 	 1.789896 	 0.845919 	 1.834772
11 70 	 1.789896 	 0.845919 	 1.834772
11 71 	 1.789896 	 0.845919 	 1.834772
11 72 	 1.789896 	 0.845919 	 1.834772
11 73 	 1.789896 	 0.845919 	 1.834772
11 74 	 1.789896 	 0.845919 	 1.834772
11 75 	 1.789896 	 0.845919 	 1.834772
11 76 	 1.789896 	 0.845919 	 1.834772
11 77 	 1.789896 	 0.845919 	 1.834772
11 78 	 1.789896 	 0.845919 	 1.834772
11 79 	 1.789896 	 0.845919 	 1.834772
11 80 	 1.789896 	 0.845919 	 1.834772
11 81 	 1.789896 	 0.845919 	 1.834772
11 82 	 1.789896 	 0.845919 	 1.834772
11 83 	 1.789896 	 0.845919 	 1.834772
11 84 	 1.789896 	 0.845919 	 1.834772
11 85 	 1.789896 	 0.845919 	 1.834772
11 86 	 1.789896 	 0.845919 	 1.834772
11 87 	 1.789896 	 0.845919 	 1.834772
11 88 	 1.789896 	 0.845919 	 1.834772
11 89 	 1.789896 	 0.845919 	 1.834772
11 90 	 1.789896 	 0.845919 	 1.834772
11 91 	 1.789896 	 0.845919 	 1.834772
11 92 	 1.789896 	 0.845919 	 1.834772
11 93 	 1.789896 	 0.845919 	 1.834772
11 94 	 1.789896 	 0.845919 	 1.834772
11 95 	 1.789896 	 0.845919 	 1.834772
