[Lattice 1]

1 	 1 	 9.3025 	 12.4862 	 24.2891 	 101.4402 	 90.8899 	 96.3960 	 2745.9482 	 100.0000 
2 	 1 	 9.3025 	 12.4862 	 24.2891 	 101.4402 	 90.8899 	 96.3960 	 2745.9482 	 100.0000 
3 	 1 	 9.3025 	 12.4862 	 24.2891 	 101.4402 	 90.8899 	 96.3960 	 2745.9482 	 100.0000 
4 	 1 	 9.3025 	 12.4862 	 24.2891 	 101.4402 	 90.8899 	 96.3960 	 2745.9482 	 100.0000 
5 	 1 	 9.3025 	 12.4862 	 24.2891 	 101.4402 	 90.8899 	 96.3960 	 2745.9482 	 100.0000 
6 	 1 	 9.3025 	 12.4862 	 24.2891 	 101.4402 	 90.8899 	 96.3960 	 2745.9482 	 100.0000 
7 	 1 	 9.3025 	 12.4862 	 24.2891 	 101.4402 	 90.8899 	 96.3960 	 2745.9482 	 100.0000 
8 	 1 	 9.3025 	 12.4862 	 24.2891 	 101.4402 	 90.8899 	 96.3960 	 2745.9482 	 100.0000 
9 	 1 	 9.3025 	 12.4862 	 24.2891 	 101.4402 	 90.8899 	 96.3960 	 2745.9482 	 100.0000 
10 	 1 	 9.3025 	 12.4862 	 24.2891 	 101.4402 	 90.8899 	 96.3960 	 2745.9482 	 100.0000 
11 	 1 	 9.3025 	 12.4862 	 24.2891 	 101.4402 	 90.8899 	 96.3960 	 2745.9482 	 100.0000 
12 	 1 	 9.3025 	 12.4862 	 24.2891 	 101.4402 	 90.8899 	 96.3960 	 2745.9482 	 100.0000 
13 	 1 	 9.3025 	 12.4862 	 24.2891 	 101.4402 	 90.8899 	 96.3960 	 2745.9482 	 100.0000 
14 	 1 	 9.3025 	 12.4862 	 24.2891 	 101.4402 	 90.8899 	 96.3960 	 2745.9482 	 100.0000 
15 	 1 	 9.3025 	 12.4862 	 24.2891 	 101.4402 	 90.8899 	 96.3960 	 2745.9482 	 100.0000 
16 	 1 	 9.3025 	 12.4862 	 24.2891 	 101.4402 	 90.8899 	 96.3960 	 2745.9482 	 100.0000 
17 	 1 	 9.3025 	 12.4862 	 24.2891 	 101.4402 	 90.8899 	 96.3960 	 2745.9482 	 100.0000 
18 	 1 	 9.3025 	 12.4862 	 24.2891 	 101.4402 	 90.8899 	 96.3960 	 2745.9482 	 100.0000 
19 	 1 	 9.3025 	 12.4862 	 24.2891 	 101.4402 	 90.8899 	 96.3960 	 2745.9482 	 100.0000 
20 	 1 	 9.3025 	 12.4862 	 24.2891 	 101.4402 	 90.8899 	 96.3960 	 2745.9482 	 100.0000 
21 	 1 	 9.3025 	 12.4862 	 24.2891 	 101.4402 	 90.8899 	 96.3960 	 2745.9482 	 100.0000 
22 	 1 	 9.3025 	 12.4862 	 24.2891 	 101.4402 	 90.8899 	 96.3960 	 2745.9482 	 100.0000 
23 	 1 	 9.3025 	 12.4862 	 24.2891 	 101.4402 	 90.8899 	 96.3960 	 2745.9482 	 100.0000 
24 	 1 	 9.3025 	 12.4862 	 24.2891 	 101.4402 	 90.8899 	 96.3960 	 2745.9482 	 100.0000 
25 	 1 	 9.3025 	 12.4862 	 24.2891 	 101.4402 	 90.8899 	 96.3960 	 2745.9482 	 100.0000 
26 	 1 	 9.3025 	 12.4862 	 24.2891 	 101.4402 	 90.8899 	 96.3960 	 2745.9482 	 100.0000 
27 	 1 	 9.3028 	 12.4861 	 24.2925 	 101.4304 	 90.8718 	 96.3947 	 2746.5275 	 100.0000 
28 	 1 	 9.2987 	 12.4871 	 24.2861 	 101.4399 	 90.9017 	 96.3986 	 2744.6545 	 100.0000 
29 	 1 	 9.2977 	 12.4884 	 24.2821 	 101.4491 	 90.9181 	 96.3909 	 2744.1113 	 100.0000 
30 	 1 	 9.2966 	 12.4885 	 24.2772 	 101.4556 	 90.9371 	 96.3915 	 2743.1250 	 100.0000 
31 	 1 	 9.3004 	 12.4892 	 24.2750 	 101.4533 	 90.9277 	 96.3915 	 2744.1860 	 100.0000 
32 	 1 	 9.3024 	 12.4887 	 24.2763 	 101.4503 	 90.9019 	 96.3810 	 2744.9635 	 100.0000 
33 	 1 	 9.3020 	 12.4891 	 24.2787 	 101.4440 	 90.8988 	 96.3743 	 2745.3246 	 100.0000 
34 	 1 	 9.3034 	 12.4895 	 24.2767 	 101.4395 	 90.9037 	 96.3700 	 2745.6358 	 100.0000 
35 	 1 	 9.3037 	 12.4897 	 24.2803 	 101.4281 	 90.8869 	 96.3674 	 2746.3555 	 100.0000 
36 	 1 	 9.3035 	 12.4896 	 24.2810 	 101.4228 	 90.8853 	 96.3628 	 2746.4343 	 100.0000 
37 	 1 	 9.3028 	 12.4894 	 24.2777 	 101.4277 	 90.8973 	 96.3587 	 2745.7634 	 99.2481 
38 	 1 	 9.3033 	 12.4894 	 24.2811 	 101.4120 	 90.8968 	 96.3511 	 2746.4910 	 99.2701 
39 	 1 	 9.3006 	 12.4898 	 24.2796 	 101.4190 	 90.9035 	 96.3508 	 2745.5402 	 99.2754 
40 	 1 	 9.3002 	 12.4901 	 24.2793 	 101.4326 	 90.9033 	 96.3602 	 2745.2520 	 99.2754 
41 	 1 	 9.3005 	 12.4901 	 24.2821 	 101.4390 	 90.8856 	 96.3797 	 2745.5218 	 99.2701 
42 	 1 	 9.2998 	 12.4910 	 24.2808 	 101.4367 	 90.8882 	 96.3795 	 2745.3982 	 99.2754 
43 	 1 	 9.3000 	 12.4905 	 24.2810 	 101.4395 	 90.8822 	 96.3753 	 2745.3405 	 99.2806 
44 	 1 	 9.3003 	 12.4908 	 24.2830 	 101.4421 	 90.8701 	 96.3727 	 2745.7417 	 99.3007 
45 	 1 	 9.2992 	 12.4905 	 24.2805 	 101.4417 	 90.8863 	 96.3630 	 2745.1167 	 99.3056 
46 	 1 	 9.2987 	 12.4903 	 24.2799 	 101.4398 	 90.8930 	 96.3588 	 2744.8830 	 99.3103 
47 	 1 	 9.2993 	 12.4901 	 24.2802 	 101.4417 	 90.8852 	 96.3566 	 2745.0654 	 99.3289 
48 	 1 	 9.2983 	 12.4898 	 24.2771 	 101.4437 	 90.9015 	 96.3524 	 2744.3292 	 99.3377 
49 	 1 	 9.2975 	 12.4897 	 24.2748 	 101.4443 	 90.9091 	 96.3505 	 2743.8028 	 99.3506 
50 	 1 	 9.2979 	 12.4895 	 24.2761 	 101.4403 	 90.9023 	 96.3475 	 2744.0881 	 99.3506 
51 	 1 	 9.2982 	 12.4893 	 24.2779 	 101.4377 	 90.9012 	 96.3468 	 2744.3624 	 99.3590 
52 	 1 	 9.2985 	 12.4900 	 24.2758 	 101.4470 	 90.9007 	 96.3561 	 2744.2260 	 99.3590 
53 	 1 	 9.2987 	 12.4893 	 24.2802 	 101.4383 	 90.8834 	 96.3434 	 2744.8158 	 99.3671 
54 	 1 	 9.2994 	 12.4892 	 24.2780 	 101.4446 	 90.8840 	 96.3471 	 2744.6777 	 99.3711 
55 	 1 	 9.2994 	 12.4898 	 24.2785 	 101.4579 	 90.8696 	 96.3482 	 2744.7434 	 99.3789 
56 	 1 	 9.2990 	 12.4904 	 24.2754 	 101.4646 	 90.8760 	 96.3502 	 2744.3317 	 99.3789 
57 	 1 	 9.3003 	 12.4916 	 24.2761 	 101.4719 	 90.8649 	 96.3629 	 2744.9211 	 99.3789 
58 	 1 	 9.2990 	 12.4903 	 24.2718 	 101.4653 	 90.8895 	 96.3502 	 2743.8662 	 99.3865 
59 	 1 	 9.2992 	 12.4904 	 24.2738 	 101.4683 	 90.8813 	 96.3514 	 2744.1592 	 99.3750 
60 	 1 	 9.2985 	 12.4901 	 24.2694 	 101.4563 	 90.8998 	 96.3439 	 2743.5156 	 99.3902 
61 	 1 	 9.2990 	 12.4902 	 24.2695 	 101.4525 	 90.8948 	 96.3407 	 2743.7533 	 99.3865 
62 	 1 	 9.2979 	 12.4904 	 24.2678 	 101.4479 	 90.9072 	 96.3356 	 2743.3111 	 99.3902 
63 	 1 	 9.2989 	 12.4894 	 24.2681 	 101.4423 	 90.8907 	 96.3265 	 2743.5907 	 99.4012 
64 	 1 	 9.3010 	 12.4901 	 24.2734 	 101.4553 	 90.8656 	 96.3395 	 2744.8008 	 99.4118 
65 	 1 	 9.3013 	 12.4899 	 24.2731 	 101.4561 	 90.8629 	 96.3396 	 2744.7983 	 99.4012 
66 	 1 	 9.3013 	 12.4899 	 24.2731 	 101.4561 	 90.8629 	 96.3396 	 2744.7983 	 99.4012 
67 	 1 	 9.3013 	 12.4899 	 24.2731 	 101.4561 	 90.8629 	 96.3396 	 2744.7983 	 99.4012 
68 	 1 	 9.3013 	 12.4899 	 24.2731 	 101.4561 	 90.8629 	 96.3396 	 2744.7983 	 99.4012 
69 	 1 	 9.3013 	 12.4899 	 24.2731 	 101.4561 	 90.8629 	 96.3396 	 2744.7983 	 99.4012 
70 	 1 	 9.3013 	 12.4899 	 24.2731 	 101.4561 	 90.8629 	 96.3396 	 2744.7983 	 99.4012 
71 	 1 	 9.3013 	 12.4899 	 24.2731 	 101.4561 	 90.8629 	 96.3396 	 2744.7983 	 99.4012 
72 	 1 	 9.3013 	 12.4899 	 24.2731 	 101.4561 	 90.8629 	 96.3396 	 2744.7983 	 99.4012 
73 	 1 	 9.3013 	 12.4899 	 24.2731 	 101.4561 	 90.8629 	 96.3396 	 2744.7983 	 99.4012 
74 	 1 	 9.3013 	 12.4899 	 24.2731 	 101.4561 	 90.8629 	 96.3396 	 2744.7983 	 99.4012 
75 	 1 	 9.3013 	 12.4899 	 24.2731 	 101.4561 	 90.8629 	 96.3396 	 2744.7983 	 99.4012 
76 	 1 	 9.3013 	 12.4899 	 24.2731 	 101.4561 	 90.8629 	 96.3396 	 2744.7983 	 99.4012 
77 	 1 	 9.3013 	 12.4899 	 24.2731 	 101.4561 	 90.8629 	 96.3396 	 2744.7983 	 99.4012 
78 	 1 	 9.3013 	 12.4899 	 24.2731 	 101.4561 	 90.8629 	 96.3396 	 2744.7983 	 99.4012 
79 	 1 	 9.3013 	 12.4899 	 24.2731 	 101.4561 	 90.8629 	 96.3396 	 2744.7983 	 99.4012 
80 	 1 	 9.3013 	 12.4899 	 24.2731 	 101.4561 	 90.8629 	 96.3396 	 2744.7983 	 99.4012 
81 	 1 	 9.3013 	 12.4899 	 24.2731 	 101.4561 	 90.8629 	 96.3396 	 2744.7983 	 99.4012 
82 	 1 	 9.3013 	 12.4899 	 24.2731 	 101.4561 	 90.8629 	 96.3396 	 2744.7983 	 99.4012 
83 	 1 	 9.3013 	 12.4899 	 24.2731 	 101.4561 	 90.8629 	 96.3396 	 2744.7983 	 99.4012 
84 	 1 	 9.3013 	 12.4899 	 24.2731 	 101.4561 	 90.8629 	 96.3396 	 2744.7983 	 99.4012 
85 	 1 	 9.3013 	 12.4899 	 24.2731 	 101.4561 	 90.8629 	 96.3396 	 2744.7983 	 99.4012 
86 	 1 	 9.3013 	 12.4899 	 24.2731 	 101.4561 	 90.8629 	 96.3396 	 2744.7983 	 99.4012 
87 	 1 	 9.3013 	 12.4899 	 24.2731 	 101.4561 	 90.8629 	 96.3396 	 2744.7983 	 99.4012 
88 	 1 	 9.3013 	 12.4899 	 24.2731 	 101.4561 	 90.8629 	 96.3396 	 2744.7983 	 99.4012 
89 	 1 	 9.3013 	 12.4899 	 24.2731 	 101.4561 	 90.8629 	 96.3396 	 2744.7983 	 99.4012 
90 	 1 	 9.3013 	 12.4899 	 24.2731 	 101.4561 	 90.8629 	 96.3396 	 2744.7983 	 99.4012 
1 	 2 	 9.2962 	 12.4850 	 24.2236 	 101.2000 	 90.7105 	 96.3974 	 2739.0730 	 100.0000 
2 	 2 	 9.2962 	 12.4850 	 24.2236 	 101.2000 	 90.7105 	 96.3974 	 2739.0730 	 100.0000 
3 	 2 	 9.2962 	 12.4850 	 24.2236 	 101.2000 	 90.7105 	 96.3974 	 2739.0730 	 100.0000 
4 	 2 	 9.2962 	 12.4850 	 24.2236 	 101.2000 	 90.7105 	 96.3974 	 2739.0730 	 100.0000 
5 	 2 	 9.2962 	 12.4850 	 24.2236 	 101.2000 	 90.7105 	 96.3974 	 2739.0730 	 100.0000 
6 	 2 	 9.2962 	 12.4850 	 24.2236 	 101.2000 	 90.7105 	 96.3974 	 2739.0730 	 100.0000 
7 	 2 	 9.2962 	 12.4850 	 24.2236 	 101.2000 	 90.7105 	 96.3974 	 2739.0730 	 100.0000 
8 	 2 	 9.2962 	 12.4850 	 24.2236 	 101.2000 	 90.7105 	 96.3974 	 2739.0730 	 100.0000 
9 	 2 	 9.2962 	 12.4850 	 24.2236 	 101.2000 	 90.7105 	 96.3974 	 2739.0730 	 100.0000 
10 	 2 	 9.2962 	 12.4850 	 24.2236 	 101.2000 	 90.7105 	 96.3974 	 2739.0730 	 100.0000 
11 	 2 	 9.2962 	 12.4850 	 24.2236 	 101.2000 	 90.7105 	 96.3974 	 2739.0730 	 100.0000 
12 	 2 	 9.2962 	 12.4850 	 24.2236 	 101.2000 	 90.7105 	 96.3974 	 2739.0730 	 100.0000 
13 	 2 	 9.2962 	 12.4850 	 24.2236 	 101.2000 	 90.7105 	 96.3974 	 2739.0730 	 100.0000 
14 	 2 	 9.2962 	 12.4850 	 24.2236 	 101.2000 	 90.7105 	 96.3974 	 2739.0730 	 100.0000 
15 	 2 	 9.2962 	 12.4850 	 24.2236 	 101.2000 	 90.7105 	 96.3974 	 2739.0730 	 100.0000 
16 	 2 	 9.2962 	 12.4850 	 24.2236 	 101.2000 	 90.7105 	 96.3974 	 2739.0730 	 100.0000 
17 	 2 	 9.2962 	 12.4850 	 24.2236 	 101.2000 	 90.7105 	 96.3974 	 2739.0730 	 100.0000 
18 	 2 	 9.2962 	 12.4850 	 24.2236 	 101.2000 	 90.7105 	 96.3974 	 2739.0730 	 100.0000 
19 	 2 	 9.2962 	 12.4850 	 24.2236 	 101.2000 	 90.7105 	 96.3974 	 2739.0730 	 100.0000 
20 	 2 	 9.2962 	 12.4850 	 24.2236 	 101.2000 	 90.7105 	 96.3974 	 2739.0730 	 100.0000 
21 	 2 	 9.2962 	 12.4850 	 24.2236 	 101.2000 	 90.7105 	 96.3974 	 2739.0730 	 100.0000 
22 	 2 	 9.2962 	 12.4850 	 24.2236 	 101.2000 	 90.7105 	 96.3974 	 2739.0730 	 100.0000 
23 	 2 	 9.2962 	 12.4850 	 24.2236 	 101.2000 	 90.7105 	 96.3974 	 2739.0730 	 100.0000 
24 	 2 	 9.2962 	 12.4850 	 24.2236 	 101.2000 	 90.7105 	 96.3974 	 2739.0730 	 100.0000 
25 	 2 	 9.2962 	 12.4850 	 24.2236 	 101.2000 	 90.7105 	 96.3974 	 2739.0730 	 100.0000 
26 	 2 	 9.2962 	 12.4850 	 24.2236 	 101.2000 	 90.7105 	 96.3974 	 2739.0730 	 100.0000 
27 	 2 	 9.2958 	 12.4843 	 24.2224 	 101.1948 	 90.7157 	 96.3913 	 2738.7504 	 100.0000 
28 	 2 	 9.2968 	 12.4842 	 24.2239 	 101.1963 	 90.7086 	 96.3933 	 2739.1868 	 100.0000 
29 	 2 	 9.2969 	 12.4835 	 24.2283 	 101.2040 	 90.7004 	 96.3916 	 2739.4891 	 100.0000 
30 	 2 	 9.2971 	 12.4845 	 24.2295 	 101.2110 	 90.6966 	 96.3974 	 2739.8180 	 100.0000 
31 	 2 	 9.2957 	 12.4843 	 24.2303 	 101.2073 	 90.6954 	 96.3897 	 2739.5164 	 100.0000 
32 	 2 	 9.2943 	 12.4841 	 24.2280 	 101.2041 	 90.7108 	 96.3887 	 2738.8375 	 100.0000 
33 	 2 	 9.2937 	 12.4843 	 24.2275 	 101.2049 	 90.7181 	 96.3837 	 2738.6314 	 100.0000 
34 	 2 	 9.2923 	 12.4843 	 24.2269 	 101.2061 	 90.7321 	 96.3775 	 2738.1671 	 100.0000 
35 	 2 	 9.2934 	 12.4846 	 24.2268 	 101.2069 	 90.7260 	 96.3791 	 2738.5377 	 100.0000 
36 	 2 	 9.2936 	 12.4842 	 24.2270 	 101.2062 	 90.7261 	 96.3775 	 2738.5385 	 100.0000 
37 	 2 	 9.2940 	 12.4852 	 24.2322 	 101.2208 	 90.7134 	 96.3877 	 2739.2856 	 100.0000 
38 	 2 	 9.2938 	 12.4851 	 24.2328 	 101.2197 	 90.7121 	 96.3857 	 2739.3097 	 100.0000 
39 	 2 	 9.2927 	 12.4864 	 24.2314 	 101.2264 	 90.7220 	 96.3926 	 2738.9968 	 100.0000 
40 	 2 	 9.2930 	 12.4868 	 24.2322 	 101.2316 	 90.7202 	 96.3983 	 2739.1676 	 100.0000 
41 	 2 	 9.2931 	 12.4866 	 24.2324 	 101.2296 	 90.7203 	 96.3906 	 2739.2457 	 100.0000 
42 	 2 	 9.2931 	 12.4866 	 24.2324 	 101.2296 	 90.7203 	 96.3906 	 2739.2457 	 100.0000 
43 	 2 	 9.2927 	 12.4863 	 24.2322 	 101.2296 	 90.7235 	 96.3915 	 2739.0368 	 100.0000 
44 	 2 	 9.2936 	 12.4855 	 24.2294 	 101.2203 	 90.7275 	 96.3847 	 2738.9048 	 100.0000 
45 	 2 	 9.2937 	 12.4863 	 24.2318 	 101.2296 	 90.7211 	 96.3887 	 2739.2885 	 100.0000 
46 	 2 	 9.2939 	 12.4862 	 24.2359 	 101.2297 	 90.7087 	 96.3875 	 2739.8106 	 100.0000 
47 	 2 	 9.2932 	 12.4862 	 24.2300 	 101.2239 	 90.7275 	 96.3838 	 2738.9890 	 100.0000 
48 	 2 	 9.2937 	 12.4858 	 24.2339 	 101.2275 	 90.7166 	 96.3863 	 2739.4528 	 100.0000 
49 	 2 	 9.2941 	 12.4857 	 24.2318 	 101.2233 	 90.7157 	 96.3871 	 2739.3675 	 100.0000 
50 	 2 	 9.2943 	 12.4860 	 24.2332 	 101.2277 	 90.7141 	 96.3884 	 2739.5906 	 100.0000 
51 	 2 	 9.2943 	 12.4867 	 24.2361 	 101.2319 	 90.7061 	 96.3889 	 2740.0426 	 100.0000 
52 	 2 	 9.2940 	 12.4869 	 24.2368 	 101.2352 	 90.7063 	 96.3908 	 2740.0341 	 100.0000 
53 	 2 	 9.2926 	 12.4881 	 24.2373 	 101.2346 	 90.7114 	 96.3895 	 2739.9459 	 100.0000 
54 	 2 	 9.2923 	 12.4892 	 24.2369 	 101.2397 	 90.7148 	 96.3896 	 2740.0123 	 100.0000 
55 	 2 	 9.2922 	 12.4896 	 24.2362 	 101.2420 	 90.7208 	 96.3870 	 2739.9387 	 100.0000 
56 	 2 	 9.2921 	 12.4892 	 24.2371 	 101.2402 	 90.7202 	 96.3847 	 2739.9879 	 100.0000 
57 	 2 	 9.2911 	 12.4896 	 24.2279 	 101.2304 	 90.7419 	 96.3799 	 2738.8088 	 100.0000 
58 	 2 	 9.2897 	 12.4898 	 24.2287 	 101.2243 	 90.7500 	 96.3750 	 2738.6005 	 100.0000 
59 	 2 	 9.2900 	 12.4899 	 24.2299 	 101.2269 	 90.7477 	 96.3745 	 2738.8296 	 100.0000 
60 	 2 	 9.2900 	 12.4902 	 24.2269 	 101.2236 	 90.7536 	 96.3723 	 2738.5944 	 100.0000 
61 	 2 	 9.2903 	 12.4903 	 24.2283 	 101.2242 	 90.7500 	 96.3715 	 2738.8695 	 100.0000 
62 	 2 	 9.2906 	 12.4909 	 24.2302 	 101.2220 	 90.7405 	 96.3706 	 2739.3384 	 100.0000 
63 	 2 	 9.2906 	 12.4910 	 24.2294 	 101.2255 	 90.7458 	 96.3707 	 2739.2446 	 100.0000 
64 	 2 	 9.2902 	 12.4909 	 24.2336 	 101.2245 	 90.7400 	 96.3727 	 2739.5880 	 100.0000 
65 	 2 	 9.2902 	 12.4909 	 24.2346 	 101.2267 	 90.7389 	 96.3743 	 2739.6816 	 100.0000 
66 	 2 	 9.2902 	 12.4914 	 24.2324 	 101.2280 	 90.7426 	 96.3752 	 2739.5075 	 100.0000 
67 	 2 	 9.2904 	 12.4916 	 24.2352 	 101.2299 	 90.7364 	 96.3745 	 2739.9342 	 100.0000 
68 	 2 	 9.2907 	 12.4920 	 24.2374 	 101.2309 	 90.7306 	 96.3754 	 2740.3567 	 100.0000 
69 	 2 	 9.2911 	 12.4920 	 24.2384 	 101.2371 	 90.7254 	 96.3796 	 2740.5024 	 100.0000 
70 	 2 	 9.2911 	 12.4935 	 24.2379 	 101.2624 	 90.7203 	 96.3885 	 2740.4644 	 100.0000 
71 	 2 	 9.2911 	 12.4939 	 24.2389 	 101.2658 	 90.7179 	 96.3886 	 2740.6386 	 100.0000 
72 	 2 	 9.2918 	 12.4945 	 24.2465 	 101.2827 	 90.6944 	 96.3941 	 2741.6924 	 100.0000 
73 	 2 	 9.2912 	 12.4948 	 24.2426 	 101.2874 	 90.7134 	 96.3941 	 2741.0405 	 100.0000 
74 	 2 	 9.2912 	 12.4948 	 24.2404 	 101.2915 	 90.7170 	 96.3947 	 2740.7628 	 100.0000 
75 	 2 	 9.2911 	 12.4952 	 24.2407 	 101.2954 	 90.7177 	 96.3932 	 2740.8408 	 100.0000 
76 	 2 	 9.2911 	 12.4947 	 24.2395 	 101.2927 	 90.7230 	 96.3937 	 2740.5829 	 100.0000 
77 	 2 	 9.2911 	 12.4947 	 24.2398 	 101.2926 	 90.7214 	 96.3938 	 2740.6265 	 100.0000 
78 	 2 	 9.2911 	 12.4947 	 24.2398 	 101.2926 	 90.7214 	 96.3938 	 2740.6265 	 100.0000 
79 	 2 	 9.2911 	 12.4947 	 24.2398 	 101.2926 	 90.7214 	 96.3938 	 2740.6265 	 100.0000 
80 	 2 	 9.2911 	 12.4947 	 24.2398 	 101.2926 	 90.7214 	 96.3938 	 2740.6265 	 100.0000 
81 	 2 	 9.2911 	 12.4947 	 24.2398 	 101.2926 	 90.7214 	 96.3938 	 2740.6265 	 100.0000 
82 	 2 	 9.2911 	 12.4947 	 24.2398 	 101.2926 	 90.7214 	 96.3938 	 2740.6265 	 100.0000 
83 	 2 	 9.2911 	 12.4947 	 24.2398 	 101.2926 	 90.7214 	 96.3938 	 2740.6265 	 100.0000 
84 	 2 	 9.2911 	 12.4947 	 24.2398 	 101.2926 	 90.7214 	 96.3938 	 2740.6265 	 100.0000 
85 	 2 	 9.2911 	 12.4947 	 24.2398 	 101.2926 	 90.7214 	 96.3938 	 2740.6265 	 100.0000 
86 	 2 	 9.2911 	 12.4947 	 24.2398 	 101.2926 	 90.7214 	 96.3938 	 2740.6265 	 100.0000 
87 	 2 	 9.2911 	 12.4947 	 24.2398 	 101.2926 	 90.7214 	 96.3938 	 2740.6265 	 100.0000 
88 	 2 	 9.2911 	 12.4947 	 24.2398 	 101.2926 	 90.7214 	 96.3938 	 2740.6265 	 100.0000 
89 	 2 	 9.2911 	 12.4947 	 24.2398 	 101.2926 	 90.7214 	 96.3938 	 2740.6265 	 100.0000 
90 	 2 	 9.2911 	 12.4947 	 24.2398 	 101.2926 	 90.7214 	 96.3938 	 2740.6265 	 100.0000 
91 	 2 	 9.2911 	 12.4947 	 24.2398 	 101.2926 	 90.7214 	 96.3938 	 2740.6265 	 100.0000 
92 	 2 	 9.2911 	 12.4947 	 24.2398 	 101.2926 	 90.7214 	 96.3938 	 2740.6265 	 100.0000 
93 	 2 	 9.2911 	 12.4947 	 24.2398 	 101.2926 	 90.7214 	 96.3938 	 2740.6265 	 100.0000 
94 	 2 	 9.2911 	 12.4947 	 24.2398 	 101.2926 	 90.7214 	 96.3938 	 2740.6265 	 100.0000 
95 	 2 	 9.2911 	 12.4947 	 24.2398 	 101.2926 	 90.7214 	 96.3938 	 2740.6265 	 100.0000 
96 	 2 	 9.2911 	 12.4947 	 24.2398 	 101.2926 	 90.7214 	 96.3938 	 2740.6265 	 100.0000 
97 	 2 	 9.2911 	 12.4947 	 24.2398 	 101.2926 	 90.7214 	 96.3938 	 2740.6265 	 100.0000 
98 	 2 	 9.2911 	 12.4947 	 24.2398 	 101.2926 	 90.7214 	 96.3938 	 2740.6265 	 100.0000 
99 	 2 	 9.2911 	 12.4947 	 24.2398 	 101.2926 	 90.7214 	 96.3938 	 2740.6265 	 100.0000 
100 	 2 	 9.2911 	 12.4947 	 24.2398 	 101.2926 	 90.7214 	 96.3938 	 2740.6265 	 100.0000 
101 	 2 	 9.2911 	 12.4947 	 24.2398 	 101.2926 	 90.7214 	 96.3938 	 2740.6265 	 100.0000 
102 	 2 	 9.2911 	 12.4947 	 24.2398 	 101.2926 	 90.7214 	 96.3938 	 2740.6265 	 100.0000 
1 	 3 	 9.3083 	 12.4746 	 24.2534 	 101.2308 	 90.6857 	 96.4412 	 2743.2094 	 100.0000 
2 	 3 	 9.3083 	 12.4746 	 24.2534 	 101.2308 	 90.6857 	 96.4412 	 2743.2094 	 100.0000 
3 	 3 	 9.3083 	 12.4746 	 24.2534 	 101.2308 	 90.6857 	 96.4412 	 2743.2094 	 100.0000 
4 	 3 	 9.3083 	 12.4746 	 24.2534 	 101.2308 	 90.6857 	 96.4412 	 2743.2094 	 100.0000 
5 	 3 	 9.3083 	 12.4746 	 24.2534 	 101.2308 	 90.6857 	 96.4412 	 2743.2094 	 100.0000 
6 	 3 	 9.3083 	 12.4746 	 24.2534 	 101.2308 	 90.6857 	 96.4412 	 2743.2094 	 100.0000 
7 	 3 	 9.3083 	 12.4746 	 24.2534 	 101.2308 	 90.6857 	 96.4412 	 2743.2094 	 100.0000 
8 	 3 	 9.3083 	 12.4746 	 24.2534 	 101.2308 	 90.6857 	 96.4412 	 2743.2094 	 100.0000 
9 	 3 	 9.3083 	 12.4746 	 24.2534 	 101.2308 	 90.6857 	 96.4412 	 2743.2094 	 100.0000 
10 	 3 	 9.3083 	 12.4746 	 24.2534 	 101.2308 	 90.6857 	 96.4412 	 2743.2094 	 100.0000 
11 	 3 	 9.3083 	 12.4746 	 24.2534 	 101.2308 	 90.6857 	 96.4412 	 2743.2094 	 100.0000 
12 	 3 	 9.3083 	 12.4746 	 24.2534 	 101.2308 	 90.6857 	 96.4412 	 2743.2094 	 100.0000 
13 	 3 	 9.3083 	 12.4746 	 24.2534 	 101.2308 	 90.6857 	 96.4412 	 2743.2094 	 100.0000 
14 	 3 	 9.3083 	 12.4746 	 24.2534 	 101.2308 	 90.6857 	 96.4412 	 2743.2094 	 100.0000 
15 	 3 	 9.3083 	 12.4746 	 24.2534 	 101.2308 	 90.6857 	 96.4412 	 2743.2094 	 100.0000 
16 	 3 	 9.3083 	 12.4746 	 24.2534 	 101.2308 	 90.6857 	 96.4412 	 2743.2094 	 100.0000 
17 	 3 	 9.3083 	 12.4746 	 24.2534 	 101.2308 	 90.6857 	 96.4412 	 2743.2094 	 100.0000 
18 	 3 	 9.3085 	 12.4748 	 24.2548 	 101.2312 	 90.6804 	 96.4404 	 2743.4936 	 99.0826 
19 	 3 	 9.3100 	 12.4755 	 24.2588 	 101.2353 	 90.6616 	 96.4399 	 2744.5325 	 99.0826 
20 	 3 	 9.3102 	 12.4762 	 24.2594 	 101.2354 	 90.6583 	 96.4366 	 2744.8450 	 99.1071 
21 	 3 	 9.3103 	 12.4763 	 24.2604 	 101.2342 	 90.6538 	 96.4342 	 2745.0421 	 99.1379 
22 	 3 	 9.3081 	 12.4763 	 24.2587 	 101.2314 	 90.6695 	 96.4329 	 2744.2281 	 99.1453 
23 	 3 	 9.3080 	 12.4766 	 24.2593 	 101.2340 	 90.6707 	 96.4301 	 2744.3053 	 99.1667 
24 	 3 	 9.3070 	 12.4761 	 24.2562 	 101.2209 	 90.6857 	 96.4134 	 2743.7602 	 99.1870 
25 	 3 	 9.3076 	 12.4762 	 24.2593 	 101.2292 	 90.6748 	 96.4202 	 2744.1930 	 99.2000 
26 	 3 	 9.3075 	 12.4763 	 24.2622 	 101.2302 	 90.6587 	 96.4323 	 2744.4560 	 99.1597 
27 	 3 	 9.3067 	 12.4779 	 24.2690 	 101.2490 	 90.6469 	 96.4465 	 2745.0853 	 99.1597 
28 	 3 	 9.3065 	 12.4775 	 24.2696 	 101.2498 	 90.6407 	 96.4544 	 2744.9897 	 99.1803 
29 	 3 	 9.3058 	 12.4775 	 24.2689 	 101.2512 	 90.6460 	 96.4578 	 2744.6332 	 99.1870 
30 	 3 	 9.3065 	 12.4772 	 24.2720 	 101.2489 	 90.6270 	 96.4603 	 2745.1814 	 98.4252 
31 	 3 	 9.3064 	 12.4772 	 24.2724 	 101.2492 	 90.6263 	 96.4606 	 2745.1781 	 98.4615 
32 	 3 	 9.3056 	 12.4776 	 24.2740 	 101.2522 	 90.6277 	 96.4611 	 2745.1984 	 98.5294 
33 	 3 	 9.3062 	 12.4777 	 24.2742 	 101.2483 	 90.6237 	 96.4550 	 2745.4865 	 98.5294 
34 	 3 	 9.3053 	 12.4784 	 24.2714 	 101.2480 	 90.6343 	 96.4535 	 2745.0816 	 98.5401 
35 	 3 	 9.3052 	 12.4765 	 24.2707 	 101.2428 	 90.6363 	 96.4545 	 2744.5809 	 97.8417 
36 	 3 	 9.3052 	 12.4762 	 24.2694 	 101.2394 	 90.6392 	 96.4525 	 2744.4033 	 97.8417 
37 	 3 	 9.3056 	 12.4770 	 24.2648 	 101.2387 	 90.6423 	 96.4481 	 2744.2042 	 97.1223 
38 	 3 	 9.3059 	 12.4770 	 24.2693 	 101.2449 	 90.6352 	 96.4478 	 2744.7672 	 97.2028 
39 	 3 	 9.3061 	 12.4772 	 24.2733 	 101.2460 	 90.6236 	 96.4475 	 2745.3142 	 97.2603 
40 	 3 	 9.3064 	 12.4777 	 24.2742 	 101.2477 	 90.6227 	 96.4442 	 2745.6123 	 97.2973 
41 	 3 	 9.3057 	 12.4780 	 24.2801 	 101.2470 	 90.6151 	 96.4423 	 2746.1726 	 97.2973 
42 	 3 	 9.3049 	 12.4786 	 24.2731 	 101.2406 	 90.6274 	 96.4419 	 2745.3322 	 96.5035 
43 	 3 	 9.3028 	 12.4784 	 24.2719 	 101.2491 	 90.6479 	 96.4535 	 2744.3480 	 96.5278 
44 	 3 	 9.3023 	 12.4783 	 24.2719 	 101.2527 	 90.6519 	 96.4565 	 2744.1131 	 96.5986 
45 	 3 	 9.3020 	 12.4785 	 24.2712 	 101.2580 	 90.6540 	 96.4630 	 2743.9214 	 96.5753 
46 	 3 	 9.3010 	 12.4786 	 24.2722 	 101.2696 	 90.6646 	 96.4680 	 2743.5942 	 96.6216 
47 	 3 	 9.3008 	 12.4787 	 24.2719 	 101.2715 	 90.6649 	 96.4685 	 2743.4789 	 96.5278 
48 	 3 	 9.3003 	 12.4782 	 24.2672 	 101.2774 	 90.6741 	 96.4751 	 2742.5755 	 96.5035 
49 	 3 	 9.2997 	 12.4781 	 24.2694 	 101.2702 	 90.6672 	 96.4746 	 2742.7215 	 96.5517 
50 	 3 	 9.2992 	 12.4777 	 24.2719 	 101.2834 	 90.6611 	 96.4864 	 2742.5842 	 96.4539 
51 	 3 	 9.2988 	 12.4771 	 24.2699 	 101.2810 	 90.6643 	 96.4873 	 2742.0965 	 97.1014 
52 	 3 	 9.2974 	 12.4775 	 24.2684 	 101.2803 	 90.6738 	 96.4891 	 2741.5951 	 97.1429 
53 	 3 	 9.2966 	 12.4771 	 24.2708 	 101.2817 	 90.6739 	 96.4956 	 2741.5074 	 97.0803 
54 	 3 	 9.2967 	 12.4765 	 24.2639 	 101.2904 	 90.6880 	 96.4937 	 2740.5141 	 97.0149 
55 	 3 	 9.2965 	 12.4762 	 24.2681 	 101.2918 	 90.6805 	 96.5010 	 2740.8240 	 97.0149 
56 	 3 	 9.2965 	 12.4758 	 24.2706 	 101.2830 	 90.6696 	 96.5031 	 2741.1181 	 96.9925 
57 	 3 	 9.2963 	 12.4749 	 24.2718 	 101.2827 	 90.6679 	 96.5100 	 2740.9581 	 96.8992 
58 	 3 	 9.2963 	 12.4764 	 24.2707 	 101.2812 	 90.6630 	 96.5032 	 2741.2195 	 96.8750 
59 	 3 	 9.2963 	 12.4768 	 24.2690 	 101.2845 	 90.6658 	 96.5008 	 2741.0806 	 96.7742 
60 	 3 	 9.2957 	 12.4771 	 24.2600 	 101.2832 	 90.6765 	 96.4968 	 2740.0057 	 96.7213 
61 	 3 	 9.2955 	 12.4782 	 24.2618 	 101.2944 	 90.6766 	 96.4982 	 2740.2586 	 95.8678 
62 	 3 	 9.2958 	 12.4821 	 24.2648 	 101.3198 	 90.6727 	 96.4975 	 2741.3146 	 95.8678 
63 	 3 	 9.2957 	 12.4828 	 24.2609 	 101.3348 	 90.6850 	 96.4955 	 2740.8172 	 96.5217 
64 	 3 	 9.2953 	 12.4822 	 24.2570 	 101.3433 	 90.6962 	 96.4953 	 2740.0310 	 96.5217 
65 	 3 	 9.2949 	 12.4828 	 24.2467 	 101.3576 	 90.7131 	 96.4957 	 2738.7084 	 96.3636 
66 	 3 	 9.2953 	 12.4840 	 24.2469 	 101.3424 	 90.7048 	 96.4872 	 2739.3274 	 95.3704 
67 	 3 	 9.2953 	 12.4840 	 24.2450 	 101.3389 	 90.7020 	 96.4876 	 2739.1476 	 95.1923 
68 	 3 	 9.2954 	 12.4879 	 24.2439 	 101.3415 	 90.7036 	 96.4742 	 2739.9763 	 96.0784 
69 	 3 	 9.2954 	 12.4879 	 24.2428 	 101.3388 	 90.7012 	 96.4749 	 2739.8869 	 96.0000 
70 	 3 	 9.2954 	 12.4879 	 24.2428 	 101.3388 	 90.7012 	 96.4749 	 2739.8869 	 96.0000 
71 	 3 	 9.2954 	 12.4879 	 24.2428 	 101.3388 	 90.7012 	 96.4749 	 2739.8869 	 96.0000 
72 	 3 	 9.2954 	 12.4879 	 24.2428 	 101.3388 	 90.7012 	 96.4749 	 2739.8869 	 96.0000 
73 	 3 	 9.2954 	 12.4879 	 24.2428 	 101.3388 	 90.7012 	 96.4749 	 2739.8869 	 96.0000 
74 	 3 	 9.2954 	 12.4879 	 24.2428 	 101.3388 	 90.7012 	 96.4749 	 2739.8869 	 96.0000 
75 	 3 	 9.2954 	 12.4879 	 24.2428 	 101.3388 	 90.7012 	 96.4749 	 2739.8869 	 96.0000 
76 	 3 	 9.2954 	 12.4879 	 24.2428 	 101.3388 	 90.7012 	 96.4749 	 2739.8869 	 96.0000 
77 	 3 	 9.2954 	 12.4879 	 24.2428 	 101.3388 	 90.7012 	 96.4749 	 2739.8869 	 96.0000 
78 	 3 	 9.2954 	 12.4879 	 24.2428 	 101.3388 	 90.7012 	 96.4749 	 2739.8869 	 96.0000 
79 	 3 	 9.2954 	 12.4879 	 24.2428 	 101.3388 	 90.7012 	 96.4749 	 2739.8869 	 96.0000 
80 	 3 	 9.2954 	 12.4879 	 24.2428 	 101.3388 	 90.7012 	 96.4749 	 2739.8869 	 96.0000 
81 	 3 	 9.2954 	 12.4879 	 24.2428 	 101.3388 	 90.7012 	 96.4749 	 2739.8869 	 96.0000 
82 	 3 	 9.2954 	 12.4879 	 24.2428 	 101.3388 	 90.7012 	 96.4749 	 2739.8869 	 96.0000 
83 	 3 	 9.2954 	 12.4879 	 24.2428 	 101.3388 	 90.7012 	 96.4749 	 2739.8869 	 96.0000 
84 	 3 	 9.2954 	 12.4879 	 24.2428 	 101.3388 	 90.7012 	 96.4749 	 2739.8869 	 96.0000 
85 	 3 	 9.2954 	 12.4879 	 24.2428 	 101.3388 	 90.7012 	 96.4749 	 2739.8869 	 96.0000 
1 	 4 	 9.2955 	 12.4965 	 24.3268 	 101.2437 	 90.6860 	 96.3589 	 2752.9142 	 95.5000 
2 	 4 	 9.2955 	 12.4965 	 24.3268 	 101.2437 	 90.6860 	 96.3589 	 2752.9142 	 95.5000 
3 	 4 	 9.2955 	 12.4965 	 24.3268 	 101.2437 	 90.6860 	 96.3589 	 2752.9142 	 95.5000 
4 	 4 	 9.2955 	 12.4965 	 24.3268 	 101.2437 	 90.6860 	 96.3589 	 2752.9142 	 95.5000 
5 	 4 	 9.2955 	 12.4965 	 24.3268 	 101.2437 	 90.6860 	 96.3589 	 2752.9142 	 95.5000 
6 	 4 	 9.2955 	 12.4965 	 24.3268 	 101.2437 	 90.6860 	 96.3589 	 2752.9142 	 95.5000 
7 	 4 	 9.2955 	 12.4965 	 24.3268 	 101.2437 	 90.6860 	 96.3589 	 2752.9142 	 95.5000 
8 	 4 	 9.2955 	 12.4965 	 24.3268 	 101.2437 	 90.6860 	 96.3589 	 2752.9142 	 95.5000 
9 	 4 	 9.2955 	 12.4965 	 24.3268 	 101.2437 	 90.6860 	 96.3589 	 2752.9142 	 95.5000 
10 	 4 	 9.2955 	 12.4965 	 24.3268 	 101.2437 	 90.6860 	 96.3589 	 2752.9142 	 95.5000 
11 	 4 	 9.2955 	 12.4965 	 24.3268 	 101.2437 	 90.6860 	 96.3589 	 2752.9142 	 95.5000 
12 	 4 	 9.2955 	 12.4965 	 24.3268 	 101.2437 	 90.6860 	 96.3589 	 2752.9142 	 95.5000 
13 	 4 	 9.2955 	 12.4965 	 24.3268 	 101.2437 	 90.6860 	 96.3589 	 2752.9142 	 95.5000 
14 	 4 	 9.2955 	 12.4965 	 24.3268 	 101.2437 	 90.6860 	 96.3589 	 2752.9142 	 95.5000 
15 	 4 	 9.2955 	 12.4965 	 24.3268 	 101.2437 	 90.6860 	 96.3589 	 2752.9142 	 95.5000 
16 	 4 	 9.2955 	 12.4965 	 24.3268 	 101.2437 	 90.6860 	 96.3589 	 2752.9142 	 95.5000 
17 	 4 	 9.2955 	 12.4965 	 24.3268 	 101.2437 	 90.6860 	 96.3589 	 2752.9142 	 95.5000 
18 	 4 	 9.2955 	 12.4965 	 24.3268 	 101.2437 	 90.6860 	 96.3589 	 2752.9142 	 95.5000 
19 	 4 	 9.2955 	 12.4965 	 24.3268 	 101.2437 	 90.6860 	 96.3589 	 2752.9142 	 95.5000 
20 	 4 	 9.2955 	 12.4965 	 24.3268 	 101.2437 	 90.6860 	 96.3589 	 2752.9142 	 95.5000 
21 	 4 	 9.2955 	 12.4965 	 24.3268 	 101.2437 	 90.6860 	 96.3589 	 2752.9142 	 95.5000 
22 	 4 	 9.2955 	 12.4965 	 24.3268 	 101.2437 	 90.6860 	 96.3589 	 2752.9142 	 95.5000 
23 	 4 	 9.2955 	 12.4965 	 24.3268 	 101.2437 	 90.6860 	 96.3589 	 2752.9142 	 95.5000 
24 	 4 	 9.2955 	 12.4965 	 24.3268 	 101.2437 	 90.6860 	 96.3589 	 2752.9142 	 95.5000 
25 	 4 	 9.2955 	 12.4965 	 24.3268 	 101.2437 	 90.6860 	 96.3589 	 2752.9142 	 95.5000 
26 	 4 	 9.2955 	 12.4965 	 24.3268 	 101.2437 	 90.6860 	 96.3589 	 2752.9142 	 95.5000 
27 	 4 	 9.2953 	 12.4958 	 24.3271 	 101.2509 	 90.6868 	 96.3580 	 2752.6806 	 95.1220 
28 	 4 	 9.2951 	 12.4970 	 24.3259 	 101.2545 	 90.6910 	 96.3602 	 2752.6866 	 95.0980 
29 	 4 	 9.2953 	 12.4956 	 24.3259 	 101.2755 	 90.6926 	 96.3573 	 2752.2308 	 94.5545 
30 	 4 	 9.2954 	 12.4957 	 24.3306 	 101.2548 	 90.6921 	 96.3629 	 2752.9845 	 94.6078 
31 	 4 	 9.2954 	 12.4946 	 24.3380 	 101.2474 	 90.6891 	 96.3620 	 2753.6651 	 94.4724 
32 	 4 	 9.2954 	 12.4943 	 24.3360 	 101.2483 	 90.6884 	 96.3649 	 2753.3534 	 94.4724 
33 	 4 	 9.2956 	 12.4953 	 24.3353 	 101.2603 	 90.6838 	 96.3646 	 2753.4274 	 94.4444 
34 	 4 	 9.2953 	 12.4963 	 24.3305 	 101.2619 	 90.6954 	 96.3637 	 2752.9912 	 93.9394 
35 	 4 	 9.2953 	 12.4969 	 24.3286 	 101.2592 	 90.6968 	 96.3650 	 2752.9254 	 93.8776 
36 	 4 	 9.2952 	 12.4969 	 24.3292 	 101.2572 	 90.6947 	 96.3664 	 2753.0025 	 93.8462 
37 	 4 	 9.2953 	 12.4974 	 24.3273 	 101.2547 	 90.6948 	 96.3667 	 2752.9234 	 93.7500 
38 	 4 	 9.2953 	 12.4971 	 24.3215 	 101.2581 	 90.6980 	 96.3681 	 2752.1843 	 93.6508 
39 	 4 	 9.2954 	 12.4971 	 24.3168 	 101.2617 	 90.6944 	 96.3608 	 2751.6812 	 94.5652 
40 	 4 	 9.2955 	 12.4970 	 24.3130 	 101.2601 	 90.6951 	 96.3610 	 2751.2523 	 93.9891 
41 	 4 	 9.2954 	 12.4957 	 24.3129 	 101.2702 	 90.7004 	 96.3599 	 2750.8566 	 93.7853 
42 	 4 	 9.2953 	 12.4950 	 24.3106 	 101.2968 	 90.7121 	 96.3546 	 2750.1675 	 93.6782 
43 	 4 	 9.2956 	 12.4970 	 24.2930 	 101.2758 	 90.7163 	 96.3618 	 2748.8508 	 94.3503 
44 	 4 	 9.2960 	 12.4973 	 24.2821 	 101.2763 	 90.7113 	 96.3679 	 2747.7578 	 94.8571 
45 	 4 	 9.2959 	 12.4967 	 24.2755 	 101.2683 	 90.7061 	 96.3675 	 2746.9391 	 94.7059 
46 	 4 	 9.2958 	 12.4963 	 24.2681 	 101.2625 	 90.7001 	 96.3700 	 2746.0332 	 94.6429 
47 	 4 	 9.2959 	 12.4964 	 24.2495 	 101.2560 	 90.6840 	 96.3767 	 2744.0392 	 94.5122 
48 	 4 	 9.2960 	 12.4962 	 24.2448 	 101.2514 	 90.6824 	 96.3776 	 2743.5125 	 94.3750 
49 	 4 	 9.2959 	 12.4966 	 24.2466 	 101.2515 	 90.6809 	 96.3802 	 2743.7860 	 94.1935 
50 	 4 	 9.2959 	 12.4964 	 24.2457 	 101.2621 	 90.6783 	 96.3816 	 2743.5235 	 94.1935 
51 	 4 	 9.2959 	 12.4961 	 24.2387 	 101.2692 	 90.6753 	 96.3812 	 2742.6048 	 94.1176 
52 	 4 	 9.2958 	 12.4950 	 24.2320 	 101.2487 	 90.6679 	 96.3848 	 2741.7754 	 94.0000 
53 	 4 	 9.2959 	 12.4957 	 24.2173 	 101.2363 	 90.6682 	 96.3864 	 2740.4118 	 93.1507 
54 	 4 	 9.2959 	 12.4920 	 24.2331 	 101.2227 	 90.6760 	 96.3889 	 2741.4784 	 95.1724 
55 	 4 	 9.2956 	 12.4908 	 24.2114 	 101.1786 	 90.6692 	 96.3871 	 2739.1220 	 95.7143 
56 	 4 	 9.2954 	 12.4906 	 24.2119 	 101.1793 	 90.6675 	 96.3900 	 2739.0551 	 95.4887 
57 	 4 	 9.2960 	 12.4913 	 24.2106 	 101.1550 	 90.6809 	 96.3960 	 2739.4272 	 96.1538 
58 	 4 	 9.2957 	 12.4918 	 24.2163 	 101.1550 	 90.6805 	 96.4003 	 2740.0709 	 96.0317 
59 	 4 	 9.2952 	 12.4928 	 24.1972 	 101.1282 	 90.6622 	 96.4064 	 2738.2499 	 95.8678 
60 	 4 	 9.2951 	 12.4923 	 24.1951 	 101.1090 	 90.6633 	 96.4082 	 2738.0135 	 95.8333 
61 	 4 	 9.2955 	 12.4914 	 24.1980 	 101.0954 	 90.6709 	 96.4151 	 2738.3582 	 95.8333 
62 	 4 	 9.2949 	 12.4864 	 24.1915 	 101.1007 	 90.6550 	 96.4034 	 2736.3600 	 96.6387 
63 	 4 	 9.2948 	 12.4839 	 24.1941 	 101.0948 	 90.6453 	 96.4154 	 2736.1152 	 96.4602 
64 	 4 	 9.2951 	 12.4863 	 24.2039 	 101.1127 	 90.6490 	 96.4080 	 2737.6883 	 96.4602 
65 	 4 	 9.2952 	 12.4866 	 24.2081 	 101.1142 	 90.6568 	 96.4151 	 2738.1904 	 97.3214 
66 	 4 	 9.2951 	 12.4847 	 24.1998 	 101.0729 	 90.6519 	 96.4269 	 2737.1316 	 97.2477 
67 	 4 	 9.2951 	 12.4860 	 24.1942 	 101.0415 	 90.6471 	 96.4425 	 2737.0139 	 97.1698 
68 	 4 	 9.2943 	 12.4870 	 24.2007 	 101.0729 	 90.6449 	 96.4317 	 2737.5164 	 97.1698 
69 	 4 	 9.2943 	 12.4886 	 24.2052 	 101.0707 	 90.6511 	 96.4382 	 2738.3434 	 97.0588 
70 	 4 	 9.2943 	 12.4886 	 24.2052 	 101.0707 	 90.6511 	 96.4382 	 2738.3434 	 97.0588 
71 	 4 	 9.2943 	 12.4886 	 24.2052 	 101.0707 	 90.6511 	 96.4382 	 2738.3434 	 97.0588 
72 	 4 	 9.2943 	 12.4886 	 24.2052 	 101.0707 	 90.6511 	 96.4382 	 2738.3434 	 97.0588 
73 	 4 	 9.2943 	 12.4886 	 24.2052 	 101.0707 	 90.6511 	 96.4382 	 2738.3434 	 97.0588 
74 	 4 	 9.2943 	 12.4886 	 24.2052 	 101.0707 	 90.6511 	 96.4382 	 2738.3434 	 97.0588 
75 	 4 	 9.2943 	 12.4886 	 24.2052 	 101.0707 	 90.6511 	 96.4382 	 2738.3434 	 97.0588 
76 	 4 	 9.2943 	 12.4886 	 24.2052 	 101.0707 	 90.6511 	 96.4382 	 2738.3434 	 97.0588 
77 	 4 	 9.2943 	 12.4886 	 24.2052 	 101.0707 	 90.6511 	 96.4382 	 2738.3434 	 97.0588 
78 	 4 	 9.2943 	 12.4886 	 24.2052 	 101.0707 	 90.6511 	 96.4382 	 2738.3434 	 97.0588 
79 	 4 	 9.2943 	 12.4886 	 24.2052 	 101.0707 	 90.6511 	 96.4382 	 2738.3434 	 97.0588 
80 	 4 	 9.2943 	 12.4886 	 24.2052 	 101.0707 	 90.6511 	 96.4382 	 2738.3434 	 97.0588 
81 	 4 	 9.2943 	 12.4886 	 24.2052 	 101.0707 	 90.6511 	 96.4382 	 2738.3434 	 97.0588 
82 	 4 	 9.2943 	 12.4886 	 24.2052 	 101.0707 	 90.6511 	 96.4382 	 2738.3434 	 97.0588 
83 	 4 	 9.2943 	 12.4886 	 24.2052 	 101.0707 	 90.6511 	 96.4382 	 2738.3434 	 97.0588 
84 	 4 	 9.2943 	 12.4886 	 24.2052 	 101.0707 	 90.6511 	 96.4382 	 2738.3434 	 97.0588 
85 	 4 	 9.2943 	 12.4886 	 24.2052 	 101.0707 	 90.6511 	 96.4382 	 2738.3434 	 97.0588 
86 	 4 	 9.2943 	 12.4886 	 24.2052 	 101.0707 	 90.6511 	 96.4382 	 2738.3434 	 97.0588 
87 	 4 	 9.2943 	 12.4886 	 24.2052 	 101.0707 	 90.6511 	 96.4382 	 2738.3434 	 97.0588 
88 	 4 	 9.2943 	 12.4886 	 24.2052 	 101.0707 	 90.6511 	 96.4382 	 2738.3434 	 97.0588 
89 	 4 	 9.2943 	 12.4886 	 24.2052 	 101.0707 	 90.6511 	 96.4382 	 2738.3434 	 97.0588 
90 	 4 	 9.2943 	 12.4886 	 24.2052 	 101.0707 	 90.6511 	 96.4382 	 2738.3434 	 97.0588 
91 	 4 	 9.2943 	 12.4886 	 24.2052 	 101.0707 	 90.6511 	 96.4382 	 2738.3434 	 97.0588 
92 	 4 	 9.2943 	 12.4886 	 24.2052 	 101.0707 	 90.6511 	 96.4382 	 2738.3434 	 97.0588 
93 	 4 	 9.2943 	 12.4886 	 24.2052 	 101.0707 	 90.6511 	 96.4382 	 2738.3434 	 97.0588 
94 	 4 	 9.2943 	 12.4886 	 24.2052 	 101.0707 	 90.6511 	 96.4382 	 2738.3434 	 97.0588 
1 	 5 	 9.2874 	 12.4798 	 24.2807 	 101.2908 	 90.7167 	 96.4420 	 2740.6403 	 100.0000 
2 	 5 	 9.2874 	 12.4798 	 24.2807 	 101.2908 	 90.7167 	 96.4420 	 2740.6403 	 100.0000 
3 	 5 	 9.2874 	 12.4798 	 24.2807 	 101.2908 	 90.7167 	 96.4420 	 2740.6403 	 100.0000 
4 	 5 	 9.2874 	 12.4798 	 24.2807 	 101.2908 	 90.7167 	 96.4420 	 2740.6403 	 100.0000 
5 	 5 	 9.2874 	 12.4798 	 24.2807 	 101.2908 	 90.7167 	 96.4420 	 2740.6403 	 100.0000 
6 	 5 	 9.2874 	 12.4798 	 24.2807 	 101.2908 	 90.7167 	 96.4420 	 2740.6403 	 100.0000 
7 	 5 	 9.2874 	 12.4798 	 24.2807 	 101.2908 	 90.7167 	 96.4420 	 2740.6403 	 100.0000 
8 	 5 	 9.2874 	 12.4798 	 24.2807 	 101.2908 	 90.7167 	 96.4420 	 2740.6403 	 100.0000 
9 	 5 	 9.2874 	 12.4798 	 24.2807 	 101.2908 	 90.7167 	 96.4420 	 2740.6403 	 100.0000 
10 	 5 	 9.2874 	 12.4798 	 24.2807 	 101.2908 	 90.7167 	 96.4420 	 2740.6403 	 100.0000 
11 	 5 	 9.2874 	 12.4798 	 24.2807 	 101.2908 	 90.7167 	 96.4420 	 2740.6403 	 100.0000 
12 	 5 	 9.2874 	 12.4798 	 24.2807 	 101.2908 	 90.7167 	 96.4420 	 2740.6403 	 100.0000 
13 	 5 	 9.2874 	 12.4798 	 24.2807 	 101.2908 	 90.7167 	 96.4420 	 2740.6403 	 100.0000 
14 	 5 	 9.2874 	 12.4798 	 24.2807 	 101.2908 	 90.7167 	 96.4420 	 2740.6403 	 100.0000 
15 	 5 	 9.2874 	 12.4798 	 24.2807 	 101.2908 	 90.7167 	 96.4420 	 2740.6403 	 100.0000 
16 	 5 	 9.2874 	 12.4798 	 24.2807 	 101.2908 	 90.7167 	 96.4420 	 2740.6403 	 100.0000 
17 	 5 	 9.2874 	 12.4798 	 24.2807 	 101.2908 	 90.7167 	 96.4420 	 2740.6403 	 100.0000 
18 	 5 	 9.2874 	 12.4798 	 24.2807 	 101.2908 	 90.7167 	 96.4420 	 2740.6403 	 100.0000 
19 	 5 	 9.2874 	 12.4798 	 24.2807 	 101.2908 	 90.7167 	 96.4420 	 2740.6403 	 100.0000 
20 	 5 	 9.2874 	 12.4798 	 24.2807 	 101.2908 	 90.7167 	 96.4420 	 2740.6403 	 100.0000 
21 	 5 	 9.2874 	 12.4798 	 24.2807 	 101.2908 	 90.7167 	 96.4420 	 2740.6403 	 100.0000 
22 	 5 	 9.2874 	 12.4798 	 24.2807 	 101.2908 	 90.7167 	 96.4420 	 2740.6403 	 100.0000 
23 	 5 	 9.2871 	 12.4806 	 24.2805 	 101.2875 	 90.7170 	 96.4487 	 2740.6898 	 100.0000 
24 	 5 	 9.2869 	 12.4813 	 24.2806 	 101.2879 	 90.7211 	 96.4447 	 2740.8253 	 100.0000 
25 	 5 	 9.2869 	 12.4830 	 24.2806 	 101.2904 	 90.7187 	 96.4495 	 2741.1622 	 100.0000 
26 	 5 	 9.2869 	 12.4829 	 24.2814 	 101.2928 	 90.7219 	 96.4528 	 2741.1675 	 100.0000 
27 	 5 	 9.2874 	 12.4846 	 24.2821 	 101.3006 	 90.7172 	 96.4700 	 2741.6005 	 100.0000 
28 	 5 	 9.2874 	 12.4863 	 24.2821 	 101.3013 	 90.7135 	 96.4801 	 2741.9135 	 100.0000 
29 	 5 	 9.2875 	 12.4890 	 24.2816 	 101.3040 	 90.7129 	 96.4697 	 2742.4957 	 100.0000 
30 	 5 	 9.2874 	 12.4904 	 24.2814 	 101.3042 	 90.7085 	 96.4773 	 2742.7253 	 100.0000 
31 	 5 	 9.2873 	 12.4913 	 24.2815 	 101.3062 	 90.7085 	 96.4739 	 2742.9107 	 100.0000 
32 	 5 	 9.2874 	 12.4903 	 24.2816 	 101.3046 	 90.7102 	 96.4725 	 2742.7372 	 100.0000 
33 	 5 	 9.2870 	 12.4925 	 24.2811 	 101.3016 	 90.7081 	 96.4757 	 2743.0874 	 100.0000 
34 	 5 	 9.2868 	 12.4899 	 24.2830 	 101.3146 	 90.7061 	 96.4785 	 2742.5283 	 100.0000 
35 	 5 	 9.2874 	 12.4901 	 24.2842 	 101.3304 	 90.7097 	 96.4725 	 2742.7719 	 100.0000 
36 	 5 	 9.2873 	 12.4930 	 24.2842 	 101.3355 	 90.7156 	 96.4682 	 2743.3221 	 100.0000 
37 	 5 	 9.2872 	 12.4956 	 24.2838 	 101.3328 	 90.7185 	 96.4747 	 2743.8032 	 100.0000 
38 	 5 	 9.2872 	 12.4962 	 24.2833 	 101.3308 	 90.7181 	 96.4735 	 2743.8999 	 100.0000 
39 	 5 	 9.2875 	 12.4962 	 24.2835 	 101.3352 	 90.7250 	 96.4674 	 2743.9883 	 100.0000 
40 	 5 	 9.2871 	 12.4989 	 24.2825 	 101.3322 	 90.7195 	 96.4732 	 2744.3477 	 100.0000 
41 	 5 	 9.2867 	 12.4999 	 24.2826 	 101.3336 	 90.7205 	 96.4757 	 2744.4475 	 100.0000 
42 	 5 	 9.2865 	 12.4998 	 24.2826 	 101.3344 	 90.7191 	 96.4818 	 2744.3312 	 100.0000 
43 	 5 	 9.2860 	 12.4996 	 24.2825 	 101.3327 	 90.7218 	 96.4839 	 2744.1270 	 100.0000 
44 	 5 	 9.2855 	 12.4990 	 24.2825 	 101.3322 	 90.7223 	 96.4809 	 2743.8777 	 100.0000 
45 	 5 	 9.2853 	 12.5014 	 24.2819 	 101.3269 	 90.7215 	 96.5076 	 2744.1503 	 100.0000 
46 	 5 	 9.2851 	 12.5035 	 24.2816 	 101.3259 	 90.7244 	 96.4994 	 2744.5797 	 100.0000 
47 	 5 	 9.2850 	 12.5031 	 24.2817 	 101.3289 	 90.7262 	 96.5031 	 2744.4251 	 100.0000 
48 	 5 	 9.2850 	 12.5026 	 24.2819 	 101.3319 	 90.7312 	 96.4945 	 2744.3452 	 100.0000 
49 	 5 	 9.2848 	 12.5014 	 24.2824 	 101.3366 	 90.7324 	 96.4923 	 2744.0509 	 100.0000 
50 	 5 	 9.2845 	 12.5021 	 24.2820 	 101.3332 	 90.7337 	 96.4912 	 2744.1028 	 100.0000 
51 	 5 	 9.2846 	 12.5023 	 24.2817 	 101.3356 	 90.7343 	 96.4888 	 2744.1466 	 100.0000 
52 	 5 	 9.2846 	 12.5023 	 24.2817 	 101.3356 	 90.7343 	 96.4888 	 2744.1466 	 100.0000 
53 	 5 	 9.2846 	 12.5036 	 24.2812 	 101.3343 	 90.7336 	 96.4898 	 2744.3498 	 100.0000 
54 	 5 	 9.2839 	 12.5038 	 24.2810 	 101.3356 	 90.7321 	 96.4862 	 2744.1992 	 100.0000 
55 	 5 	 9.2844 	 12.5049 	 24.2807 	 101.3275 	 90.7308 	 96.4792 	 2744.6481 	 100.0000 
56 	 5 	 9.2841 	 12.5010 	 24.2805 	 101.3282 	 90.7442 	 96.4781 	 2743.6826 	 100.0000 
57 	 5 	 9.2843 	 12.5024 	 24.2796 	 101.3328 	 90.7484 	 96.4692 	 2743.9404 	 100.0000 
58 	 5 	 9.2843 	 12.4962 	 24.2800 	 101.3483 	 90.7498 	 96.4763 	 2742.4234 	 100.0000 
59 	 5 	 9.2839 	 12.4918 	 24.2794 	 101.3638 	 90.7532 	 96.4978 	 2741.0174 	 100.0000 
60 	 5 	 9.2844 	 12.4914 	 24.2802 	 101.3610 	 90.7607 	 96.4995 	 2741.1485 	 100.0000 
61 	 5 	 9.2842 	 12.4915 	 24.2803 	 101.3601 	 90.7600 	 96.4985 	 2741.1127 	 100.0000 
62 	 5 	 9.2844 	 12.4916 	 24.2800 	 101.3609 	 90.7615 	 96.4969 	 2741.1809 	 100.0000 
63 	 5 	 9.2844 	 12.4916 	 24.2800 	 101.3609 	 90.7615 	 96.4969 	 2741.1809 	 100.0000 
64 	 5 	 9.2844 	 12.4916 	 24.2800 	 101.3609 	 90.7615 	 96.4969 	 2741.1809 	 100.0000 
65 	 5 	 9.2844 	 12.4916 	 24.2800 	 101.3609 	 90.7615 	 96.4969 	 2741.1809 	 100.0000 
66 	 5 	 9.2844 	 12.4916 	 24.2800 	 101.3609 	 90.7615 	 96.4969 	 2741.1809 	 100.0000 
67 	 5 	 9.2844 	 12.4916 	 24.2800 	 101.3609 	 90.7615 	 96.4969 	 2741.1809 	 100.0000 
68 	 5 	 9.2844 	 12.4916 	 24.2800 	 101.3609 	 90.7615 	 96.4969 	 2741.1809 	 100.0000 
69 	 5 	 9.2844 	 12.4916 	 24.2800 	 101.3609 	 90.7615 	 96.4969 	 2741.1809 	 100.0000 
70 	 5 	 9.2844 	 12.4916 	 24.2800 	 101.3609 	 90.7615 	 96.4969 	 2741.1809 	 100.0000 
71 	 5 	 9.2844 	 12.4916 	 24.2800 	 101.3609 	 90.7615 	 96.4969 	 2741.1809 	 100.0000 
72 	 5 	 9.2844 	 12.4916 	 24.2800 	 101.3609 	 90.7615 	 96.4969 	 2741.1809 	 100.0000 
73 	 5 	 9.2844 	 12.4916 	 24.2800 	 101.3609 	 90.7615 	 96.4969 	 2741.1809 	 100.0000 
74 	 5 	 9.2844 	 12.4916 	 24.2800 	 101.3609 	 90.7615 	 96.4969 	 2741.1809 	 100.0000 
75 	 5 	 9.2844 	 12.4916 	 24.2800 	 101.3609 	 90.7615 	 96.4969 	 2741.1809 	 100.0000 
76 	 5 	 9.2844 	 12.4916 	 24.2800 	 101.3609 	 90.7615 	 96.4969 	 2741.1809 	 100.0000 
77 	 5 	 9.2844 	 12.4916 	 24.2800 	 101.3609 	 90.7615 	 96.4969 	 2741.1809 	 100.0000 
78 	 5 	 9.2844 	 12.4916 	 24.2800 	 101.3609 	 90.7615 	 96.4969 	 2741.1809 	 100.0000 
79 	 5 	 9.2844 	 12.4916 	 24.2800 	 101.3609 	 90.7615 	 96.4969 	 2741.1809 	 100.0000 
80 	 5 	 9.2844 	 12.4916 	 24.2800 	 101.3609 	 90.7615 	 96.4969 	 2741.1809 	 100.0000 
81 	 5 	 9.2844 	 12.4916 	 24.2800 	 101.3609 	 90.7615 	 96.4969 	 2741.1809 	 100.0000 
82 	 5 	 9.2844 	 12.4916 	 24.2800 	 101.3609 	 90.7615 	 96.4969 	 2741.1809 	 100.0000 
83 	 5 	 9.2844 	 12.4916 	 24.2800 	 101.3609 	 90.7615 	 96.4969 	 2741.1809 	 100.0000 
1 	 6 	 9.2903 	 12.4760 	 24.2511 	 101.2317 	 90.8479 	 96.2331 	 2738.8532 	 100.0000 
2 	 6 	 9.2903 	 12.4760 	 24.2511 	 101.2317 	 90.8479 	 96.2331 	 2738.8532 	 100.0000 
3 	 6 	 9.2903 	 12.4760 	 24.2511 	 101.2317 	 90.8479 	 96.2331 	 2738.8532 	 100.0000 
4 	 6 	 9.2903 	 12.4760 	 24.2511 	 101.2317 	 90.8479 	 96.2331 	 2738.8532 	 100.0000 
5 	 6 	 9.2903 	 12.4760 	 24.2511 	 101.2317 	 90.8479 	 96.2331 	 2738.8532 	 100.0000 
6 	 6 	 9.2903 	 12.4760 	 24.2511 	 101.2317 	 90.8479 	 96.2331 	 2738.8532 	 100.0000 
7 	 6 	 9.2903 	 12.4760 	 24.2511 	 101.2317 	 90.8479 	 96.2331 	 2738.8532 	 100.0000 
8 	 6 	 9.2903 	 12.4760 	 24.2511 	 101.2317 	 90.8479 	 96.2331 	 2738.8532 	 100.0000 
9 	 6 	 9.2903 	 12.4760 	 24.2511 	 101.2317 	 90.8479 	 96.2331 	 2738.8532 	 100.0000 
10 	 6 	 9.2903 	 12.4760 	 24.2511 	 101.2317 	 90.8479 	 96.2331 	 2738.8532 	 100.0000 
11 	 6 	 9.2903 	 12.4760 	 24.2511 	 101.2317 	 90.8479 	 96.2331 	 2738.8532 	 100.0000 
12 	 6 	 9.2903 	 12.4760 	 24.2511 	 101.2317 	 90.8479 	 96.2331 	 2738.8532 	 100.0000 
13 	 6 	 9.2903 	 12.4760 	 24.2511 	 101.2317 	 90.8479 	 96.2331 	 2738.8532 	 100.0000 
14 	 6 	 9.2903 	 12.4760 	 24.2511 	 101.2317 	 90.8479 	 96.2331 	 2738.8532 	 100.0000 
15 	 6 	 9.2903 	 12.4760 	 24.2511 	 101.2317 	 90.8479 	 96.2331 	 2738.8532 	 100.0000 
16 	 6 	 9.2903 	 12.4760 	 24.2511 	 101.2317 	 90.8479 	 96.2331 	 2738.8532 	 100.0000 
17 	 6 	 9.2903 	 12.4760 	 24.2511 	 101.2317 	 90.8479 	 96.2331 	 2738.8532 	 100.0000 
18 	 6 	 9.2903 	 12.4760 	 24.2511 	 101.2317 	 90.8479 	 96.2331 	 2738.8532 	 100.0000 
19 	 6 	 9.2903 	 12.4760 	 24.2511 	 101.2317 	 90.8479 	 96.2331 	 2738.8532 	 100.0000 
20 	 6 	 9.2903 	 12.4760 	 24.2511 	 101.2317 	 90.8479 	 96.2331 	 2738.8532 	 100.0000 
21 	 6 	 9.2903 	 12.4760 	 24.2511 	 101.2317 	 90.8479 	 96.2331 	 2738.8532 	 100.0000 
22 	 6 	 9.2904 	 12.4758 	 24.2512 	 101.2316 	 90.8473 	 96.2336 	 2738.8484 	 100.0000 
23 	 6 	 9.2899 	 12.4758 	 24.2514 	 101.2299 	 90.8463 	 96.2372 	 2738.7325 	 100.0000 
24 	 6 	 9.2905 	 12.4747 	 24.2522 	 101.2236 	 90.8375 	 96.2380 	 2738.8193 	 100.0000 
25 	 6 	 9.2903 	 12.4735 	 24.2552 	 101.2203 	 90.8288 	 96.2388 	 2738.8694 	 100.0000 
26 	 6 	 9.2900 	 12.4729 	 24.2591 	 101.2228 	 90.8154 	 96.2568 	 2739.0016 	 100.0000 
27 	 6 	 9.2905 	 12.4723 	 24.2611 	 101.2351 	 90.8084 	 96.2663 	 2739.0583 	 100.0000 
28 	 6 	 9.2896 	 12.4723 	 24.2593 	 101.2289 	 90.8181 	 96.2576 	 2738.6982 	 100.0000 
29 	 6 	 9.2896 	 12.4723 	 24.2593 	 101.2289 	 90.8181 	 96.2576 	 2738.6982 	 100.0000 
30 	 6 	 9.2896 	 12.4723 	 24.2593 	 101.2289 	 90.8181 	 96.2576 	 2738.6982 	 100.0000 
31 	 6 	 9.2896 	 12.4723 	 24.2593 	 101.2289 	 90.8181 	 96.2576 	 2738.6982 	 100.0000 
32 	 6 	 9.2896 	 12.4723 	 24.2593 	 101.2289 	 90.8181 	 96.2576 	 2738.6982 	 100.0000 
33 	 6 	 9.2896 	 12.4723 	 24.2593 	 101.2289 	 90.8181 	 96.2576 	 2738.6982 	 100.0000 
34 	 6 	 9.2896 	 12.4723 	 24.2593 	 101.2289 	 90.8181 	 96.2576 	 2738.6982 	 100.0000 
35 	 6 	 9.2896 	 12.4723 	 24.2593 	 101.2289 	 90.8181 	 96.2576 	 2738.6982 	 100.0000 
36 	 6 	 9.2896 	 12.4723 	 24.2593 	 101.2289 	 90.8181 	 96.2576 	 2738.6982 	 100.0000 
37 	 6 	 9.2896 	 12.4723 	 24.2593 	 101.2289 	 90.8181 	 96.2576 	 2738.6982 	 100.0000 
38 	 6 	 9.2896 	 12.4723 	 24.2593 	 101.2289 	 90.8181 	 96.2576 	 2738.6982 	 100.0000 
39 	 6 	 9.2896 	 12.4723 	 24.2593 	 101.2289 	 90.8181 	 96.2576 	 2738.6982 	 100.0000 
40 	 6 	 9.2896 	 12.4723 	 24.2593 	 101.2289 	 90.8181 	 96.2576 	 2738.6982 	 100.0000 
41 	 6 	 9.2896 	 12.4723 	 24.2593 	 101.2289 	 90.8181 	 96.2576 	 2738.6982 	 100.0000 
42 	 6 	 9.2896 	 12.4723 	 24.2593 	 101.2289 	 90.8181 	 96.2576 	 2738.6982 	 100.0000 
43 	 6 	 9.2896 	 12.4723 	 24.2593 	 101.2289 	 90.8181 	 96.2576 	 2738.6982 	 100.0000 
44 	 6 	 9.2896 	 12.4723 	 24.2593 	 101.2289 	 90.8181 	 96.2576 	 2738.6982 	 100.0000 
45 	 6 	 9.2896 	 12.4723 	 24.2593 	 101.2289 	 90.8181 	 96.2576 	 2738.6982 	 100.0000 
46 	 6 	 9.2896 	 12.4723 	 24.2593 	 101.2289 	 90.8181 	 96.2576 	 2738.6982 	 100.0000 
47 	 6 	 9.2896 	 12.4723 	 24.2593 	 101.2289 	 90.8181 	 96.2576 	 2738.6982 	 100.0000 
48 	 6 	 9.2896 	 12.4723 	 24.2593 	 101.2289 	 90.8181 	 96.2576 	 2738.6982 	 100.0000 
1 	 8 	 9.2909 	 12.4839 	 24.2435 	 101.4057 	 90.6999 	 96.3569 	 2737.7649 	 96.2500 
2 	 8 	 9.2909 	 12.4839 	 24.2435 	 101.4057 	 90.6999 	 96.3569 	 2737.7649 	 96.2500 
3 	 8 	 9.2909 	 12.4839 	 24.2435 	 101.4057 	 90.6999 	 96.3569 	 2737.7649 	 96.2500 
4 	 8 	 9.2909 	 12.4839 	 24.2435 	 101.4057 	 90.6999 	 96.3569 	 2737.7649 	 96.2500 
5 	 8 	 9.2909 	 12.4839 	 24.2435 	 101.4057 	 90.6999 	 96.3569 	 2737.7649 	 96.2500 
6 	 8 	 9.2909 	 12.4839 	 24.2435 	 101.4057 	 90.6999 	 96.3569 	 2737.7649 	 96.2500 
7 	 8 	 9.2909 	 12.4839 	 24.2435 	 101.4057 	 90.6999 	 96.3569 	 2737.7649 	 96.2500 
8 	 8 	 9.2909 	 12.4839 	 24.2435 	 101.4057 	 90.6999 	 96.3569 	 2737.7649 	 96.2500 
9 	 8 	 9.2909 	 12.4839 	 24.2435 	 101.4057 	 90.6999 	 96.3569 	 2737.7649 	 96.2500 
10 	 8 	 9.2909 	 12.4839 	 24.2435 	 101.4057 	 90.6999 	 96.3569 	 2737.7649 	 96.2500 
11 	 8 	 9.2909 	 12.4839 	 24.2435 	 101.4057 	 90.6999 	 96.3569 	 2737.7649 	 96.2500 
12 	 8 	 9.2909 	 12.4839 	 24.2435 	 101.4057 	 90.6999 	 96.3569 	 2737.7649 	 96.2500 
13 	 8 	 9.2909 	 12.4839 	 24.2435 	 101.4057 	 90.6999 	 96.3569 	 2737.7649 	 96.2500 
14 	 8 	 9.2909 	 12.4839 	 24.2435 	 101.4057 	 90.6999 	 96.3569 	 2737.7649 	 96.2500 
15 	 8 	 9.2909 	 12.4839 	 24.2435 	 101.4057 	 90.6999 	 96.3569 	 2737.7649 	 96.2500 
16 	 8 	 9.2909 	 12.4839 	 24.2435 	 101.4057 	 90.6999 	 96.3569 	 2737.7649 	 96.2500 
17 	 8 	 9.2909 	 12.4839 	 24.2435 	 101.4057 	 90.6999 	 96.3569 	 2737.7649 	 96.2500 
18 	 8 	 9.2909 	 12.4839 	 24.2435 	 101.4057 	 90.6999 	 96.3569 	 2737.7649 	 96.2500 
19 	 8 	 9.2909 	 12.4839 	 24.2435 	 101.4057 	 90.6999 	 96.3569 	 2737.7649 	 96.2500 
20 	 8 	 9.2909 	 12.4839 	 24.2435 	 101.4057 	 90.6999 	 96.3569 	 2737.7649 	 96.2500 
21 	 8 	 9.2909 	 12.4839 	 24.2435 	 101.4057 	 90.6999 	 96.3569 	 2737.7649 	 96.2500 
22 	 8 	 9.2909 	 12.4839 	 24.2435 	 101.4057 	 90.6999 	 96.3569 	 2737.7649 	 96.2500 
23 	 8 	 9.2909 	 12.4839 	 24.2435 	 101.4057 	 90.6999 	 96.3569 	 2737.7649 	 96.2500 
24 	 8 	 9.2909 	 12.4839 	 24.2435 	 101.4057 	 90.6999 	 96.3569 	 2737.7649 	 96.2500 
25 	 8 	 9.2909 	 12.4839 	 24.2435 	 101.4057 	 90.6999 	 96.3569 	 2737.7649 	 96.2500 
26 	 8 	 9.2909 	 12.4839 	 24.2435 	 101.4057 	 90.6999 	 96.3569 	 2737.7649 	 96.2500 
27 	 8 	 9.2909 	 12.4839 	 24.2435 	 101.4057 	 90.6999 	 96.3569 	 2737.7649 	 96.2500 
28 	 8 	 9.2909 	 12.4839 	 24.2435 	 101.4057 	 90.6999 	 96.3569 	 2737.7649 	 96.2500 
29 	 8 	 9.2909 	 12.4839 	 24.2435 	 101.4057 	 90.6999 	 96.3569 	 2737.7649 	 96.2500 
30 	 8 	 9.2909 	 12.4841 	 24.2446 	 101.4040 	 90.6966 	 96.3567 	 2737.9611 	 96.3190 
31 	 8 	 9.2910 	 12.4840 	 24.2476 	 101.4030 	 90.6886 	 96.3581 	 2738.3167 	 96.3190 
32 	 8 	 9.2913 	 12.4842 	 24.2490 	 101.3988 	 90.6896 	 96.3600 	 2738.6421 	 96.2963 
33 	 8 	 9.2912 	 12.4843 	 24.2467 	 101.3984 	 90.6921 	 96.3603 	 2738.3718 	 96.3415 
34 	 8 	 9.2912 	 12.4850 	 24.2508 	 101.4041 	 90.6796 	 96.3675 	 2738.9171 	 96.3415 
35 	 8 	 9.2914 	 12.4850 	 24.2526 	 101.4038 	 90.6766 	 96.3680 	 2739.1656 	 96.2733 
36 	 8 	 9.2906 	 12.4854 	 24.2582 	 101.3977 	 90.6807 	 96.3628 	 2739.7377 	 96.2733 
37 	 8 	 9.2912 	 12.4856 	 24.2597 	 101.4017 	 90.6800 	 96.3687 	 2740.0656 	 96.2264 
38 	 8 	 9.2911 	 12.4857 	 24.2640 	 101.4013 	 90.6784 	 96.3722 	 2740.5030 	 96.2264 
39 	 8 	 9.2911 	 12.4857 	 24.2640 	 101.4013 	 90.6784 	 96.3722 	 2740.5030 	 96.2264 
40 	 8 	 9.2907 	 12.4863 	 24.2640 	 101.4027 	 90.6753 	 96.3747 	 2740.5203 	 96.2500 
41 	 8 	 9.2906 	 12.4863 	 24.2679 	 101.3993 	 90.6705 	 96.3760 	 2740.9743 	 96.1783 
42 	 8 	 9.2906 	 12.4864 	 24.2686 	 101.4056 	 90.6691 	 96.3756 	 2741.0084 	 96.1290 
43 	 8 	 9.2906 	 12.4863 	 24.2702 	 101.4067 	 90.6712 	 96.3779 	 2741.1510 	 96.1039 
44 	 8 	 9.2899 	 12.4865 	 24.2759 	 101.3983 	 90.6771 	 96.3802 	 2741.6671 	 96.0265 
45 	 8 	 9.2891 	 12.4867 	 24.2794 	 101.3954 	 90.6832 	 96.3773 	 2741.9180 	 95.9459 
46 	 8 	 9.2891 	 12.4863 	 24.2815 	 101.3966 	 90.6852 	 96.3770 	 2742.0332 	 95.9459 
47 	 8 	 9.2890 	 12.4862 	 24.2853 	 101.4022 	 90.6777 	 96.3772 	 2742.3806 	 95.9184 
48 	 8 	 9.2890 	 12.4862 	 24.2853 	 101.4022 	 90.6777 	 96.3772 	 2742.3806 	 95.9184 
49 	 8 	 9.2884 	 12.4857 	 24.2930 	 101.3977 	 90.6866 	 96.3735 	 2743.0201 	 95.8904 
50 	 8 	 9.2883 	 12.4861 	 24.2959 	 101.4057 	 90.6842 	 96.3776 	 2743.3162 	 95.8333 
51 	 8 	 9.2885 	 12.4871 	 24.2997 	 101.3997 	 90.6831 	 96.3861 	 2744.0379 	 95.7746 
52 	 8 	 9.2886 	 12.4876 	 24.3005 	 101.3963 	 90.6868 	 96.3887 	 2744.2635 	 95.6835 
53 	 8 	 9.2886 	 12.4886 	 24.3092 	 101.4121 	 90.6831 	 96.3957 	 2745.2783 	 96.2687 
54 	 8 	 9.2887 	 12.4899 	 24.3125 	 101.4214 	 90.6806 	 96.3969 	 2745.8696 	 96.2687 
55 	 8 	 9.2887 	 12.4900 	 24.3136 	 101.4186 	 90.6858 	 96.3981 	 2746.0526 	 96.1832 
56 	 8 	 9.2890 	 12.4901 	 24.3210 	 101.4312 	 90.6786 	 96.3999 	 2746.8778 	 96.1538 
57 	 8 	 9.2890 	 12.4902 	 24.3257 	 101.4217 	 90.6886 	 96.4019 	 2747.4566 	 96.1240 
58 	 8 	 9.2885 	 12.4909 	 24.3327 	 101.4183 	 90.7002 	 96.4067 	 2748.2529 	 96.0630 
59 	 8 	 9.2880 	 12.4913 	 24.3532 	 101.4148 	 90.7242 	 96.4065 	 2750.4941 	 95.9016 
60 	 8 	 9.2883 	 12.4912 	 24.3545 	 101.4233 	 90.7261 	 96.4035 	 2750.6410 	 95.9350 
61 	 8 	 9.2878 	 12.4916 	 24.3539 	 101.4226 	 90.7322 	 96.4018 	 2750.5186 	 95.8333 
62 	 8 	 9.2881 	 12.4914 	 24.3501 	 101.4161 	 90.7266 	 96.4006 	 2750.2346 	 96.6942 
63 	 8 	 9.2879 	 12.4917 	 24.3445 	 101.4191 	 90.7109 	 96.4021 	 2749.5923 	 96.6387 
64 	 8 	 9.2877 	 12.4917 	 24.3369 	 101.4122 	 90.7133 	 96.4004 	 2748.7435 	 96.5812 
65 	 8 	 9.2878 	 12.4911 	 24.3330 	 101.4191 	 90.7133 	 96.3932 	 2748.1828 	 96.5217 
66 	 8 	 9.2877 	 12.4920 	 24.3278 	 101.4202 	 90.7070 	 96.3963 	 2747.7609 	 97.3451 
67 	 8 	 9.2875 	 12.4915 	 24.3239 	 101.4111 	 90.7082 	 96.3946 	 2747.2427 	 98.1982 
68 	 8 	 9.2882 	 12.4909 	 24.3255 	 101.4027 	 90.7087 	 96.3943 	 2747.5712 	 98.1982 
69 	 8 	 9.2882 	 12.4906 	 24.3217 	 101.4008 	 90.7059 	 96.3918 	 2747.1037 	 98.1982 
70 	 8 	 9.2882 	 12.4913 	 24.3217 	 101.4216 	 90.6986 	 96.3877 	 2747.0919 	 98.1481 
71 	 8 	 9.2882 	 12.4925 	 24.3186 	 101.4083 	 90.7025 	 96.3979 	 2747.0825 	 98.1132 
72 	 8 	 9.2895 	 12.4917 	 24.3150 	 101.4147 	 90.7353 	 96.3743 	 2746.8906 	 99.0566 
73 	 8 	 9.2894 	 12.4913 	 24.3100 	 101.4242 	 90.7225 	 96.3699 	 2746.1662 	 99.0654 
74 	 8 	 9.2892 	 12.4932 	 24.3060 	 101.4240 	 90.7069 	 96.3827 	 2746.0321 	 100.0000 
75 	 8 	 9.2890 	 12.4931 	 24.3036 	 101.4262 	 90.6994 	 96.3807 	 2745.6851 	 100.0000 
76 	 8 	 9.2890 	 12.4931 	 24.3036 	 101.4262 	 90.6994 	 96.3807 	 2745.6851 	 100.0000 
77 	 8 	 9.2890 	 12.4931 	 24.3036 	 101.4262 	 90.6994 	 96.3807 	 2745.6851 	 100.0000 
78 	 8 	 9.2890 	 12.4931 	 24.3036 	 101.4262 	 90.6994 	 96.3807 	 2745.6851 	 100.0000 
79 	 8 	 9.2890 	 12.4931 	 24.3036 	 101.4262 	 90.6994 	 96.3807 	 2745.6851 	 100.0000 
80 	 8 	 9.2890 	 12.4931 	 24.3036 	 101.4262 	 90.6994 	 96.3807 	 2745.6851 	 100.0000 
81 	 8 	 9.2890 	 12.4931 	 24.3036 	 101.4262 	 90.6994 	 96.3807 	 2745.6851 	 100.0000 
82 	 8 	 9.2890 	 12.4931 	 24.3036 	 101.4262 	 90.6994 	 96.3807 	 2745.6851 	 100.0000 
83 	 8 	 9.2890 	 12.4931 	 24.3036 	 101.4262 	 90.6994 	 96.3807 	 2745.6851 	 100.0000 
84 	 8 	 9.2890 	 12.4931 	 24.3036 	 101.4262 	 90.6994 	 96.3807 	 2745.6851 	 100.0000 
85 	 8 	 9.2890 	 12.4931 	 24.3036 	 101.4262 	 90.6994 	 96.3807 	 2745.6851 	 100.0000 
86 	 8 	 9.2890 	 12.4931 	 24.3036 	 101.4262 	 90.6994 	 96.3807 	 2745.6851 	 100.0000 
87 	 8 	 9.2890 	 12.4931 	 24.3036 	 101.4262 	 90.6994 	 96.3807 	 2745.6851 	 100.0000 
88 	 8 	 9.2890 	 12.4931 	 24.3036 	 101.4262 	 90.6994 	 96.3807 	 2745.6851 	 100.0000 
89 	 8 	 9.2890 	 12.4931 	 24.3036 	 101.4262 	 90.6994 	 96.3807 	 2745.6851 	 100.0000 
90 	 8 	 9.2890 	 12.4931 	 24.3036 	 101.4262 	 90.6994 	 96.3807 	 2745.6851 	 100.0000 
91 	 8 	 9.2890 	 12.4931 	 24.3036 	 101.4262 	 90.6994 	 96.3807 	 2745.6851 	 100.0000 
92 	 8 	 9.2890 	 12.4931 	 24.3036 	 101.4262 	 90.6994 	 96.3807 	 2745.6851 	 100.0000 
93 	 8 	 9.2890 	 12.4931 	 24.3036 	 101.4262 	 90.6994 	 96.3807 	 2745.6851 	 100.0000 
94 	 8 	 9.2890 	 12.4931 	 24.3036 	 101.4262 	 90.6994 	 96.3807 	 2745.6851 	 100.0000 
95 	 8 	 9.2890 	 12.4931 	 24.3036 	 101.4262 	 90.6994 	 96.3807 	 2745.6851 	 100.0000 
96 	 8 	 9.2890 	 12.4931 	 24.3036 	 101.4262 	 90.6994 	 96.3807 	 2745.6851 	 100.0000 
97 	 8 	 9.2890 	 12.4931 	 24.3036 	 101.4262 	 90.6994 	 96.3807 	 2745.6851 	 100.0000 
98 	 8 	 9.2890 	 12.4931 	 24.3036 	 101.4262 	 90.6994 	 96.3807 	 2745.6851 	 100.0000 
99 	 8 	 9.2890 	 12.4931 	 24.3036 	 101.4262 	 90.6994 	 96.3807 	 2745.6851 	 100.0000 
100 	 8 	 9.2890 	 12.4931 	 24.3036 	 101.4262 	 90.6994 	 96.3807 	 2745.6851 	 100.0000 
101 	 8 	 9.2890 	 12.4931 	 24.3036 	 101.4262 	 90.6994 	 96.3807 	 2745.6851 	 100.0000 
102 	 8 	 9.2890 	 12.4931 	 24.3036 	 101.4262 	 90.6994 	 96.3807 	 2745.6851 	 100.0000 
103 	 8 	 9.2890 	 12.4931 	 24.3036 	 101.4262 	 90.6994 	 96.3807 	 2745.6851 	 100.0000 
1 	 9 	 9.2926 	 12.4867 	 24.2695 	 101.5492 	 90.6657 	 96.4970 	 2739.6556 	 100.0000 
2 	 9 	 9.2926 	 12.4867 	 24.2695 	 101.5492 	 90.6657 	 96.4970 	 2739.6556 	 100.0000 
3 	 9 	 9.2926 	 12.4867 	 24.2695 	 101.5492 	 90.6657 	 96.4970 	 2739.6556 	 100.0000 
4 	 9 	 9.2926 	 12.4867 	 24.2695 	 101.5492 	 90.6657 	 96.4970 	 2739.6556 	 100.0000 
5 	 9 	 9.2926 	 12.4867 	 24.2695 	 101.5492 	 90.6657 	 96.4970 	 2739.6556 	 100.0000 
6 	 9 	 9.2926 	 12.4867 	 24.2695 	 101.5492 	 90.6657 	 96.4970 	 2739.6556 	 100.0000 
7 	 9 	 9.2926 	 12.4867 	 24.2695 	 101.5492 	 90.6657 	 96.4970 	 2739.6556 	 100.0000 
8 	 9 	 9.2926 	 12.4867 	 24.2695 	 101.5492 	 90.6657 	 96.4970 	 2739.6556 	 100.0000 
9 	 9 	 9.2926 	 12.4867 	 24.2695 	 101.5492 	 90.6657 	 96.4970 	 2739.6556 	 100.0000 
10 	 9 	 9.2926 	 12.4867 	 24.2695 	 101.5492 	 90.6657 	 96.4970 	 2739.6556 	 100.0000 
11 	 9 	 9.2926 	 12.4867 	 24.2695 	 101.5492 	 90.6657 	 96.4970 	 2739.6556 	 100.0000 
12 	 9 	 9.2926 	 12.4867 	 24.2695 	 101.5492 	 90.6657 	 96.4970 	 2739.6556 	 100.0000 
13 	 9 	 9.2926 	 12.4867 	 24.2695 	 101.5492 	 90.6657 	 96.4970 	 2739.6556 	 100.0000 
14 	 9 	 9.2926 	 12.4867 	 24.2695 	 101.5492 	 90.6657 	 96.4970 	 2739.6556 	 100.0000 
15 	 9 	 9.2926 	 12.4867 	 24.2695 	 101.5492 	 90.6657 	 96.4970 	 2739.6556 	 100.0000 
16 	 9 	 9.2926 	 12.4867 	 24.2695 	 101.5492 	 90.6657 	 96.4970 	 2739.6556 	 100.0000 
17 	 9 	 9.2926 	 12.4867 	 24.2695 	 101.5492 	 90.6657 	 96.4970 	 2739.6556 	 100.0000 
18 	 9 	 9.2926 	 12.4867 	 24.2695 	 101.5492 	 90.6657 	 96.4970 	 2739.6556 	 100.0000 
19 	 9 	 9.2926 	 12.4867 	 24.2695 	 101.5492 	 90.6657 	 96.4970 	 2739.6556 	 100.0000 
20 	 9 	 9.2926 	 12.4867 	 24.2695 	 101.5492 	 90.6657 	 96.4970 	 2739.6556 	 100.0000 
21 	 9 	 9.2926 	 12.4867 	 24.2695 	 101.5492 	 90.6657 	 96.4970 	 2739.6556 	 100.0000 
22 	 9 	 9.2926 	 12.4867 	 24.2695 	 101.5492 	 90.6657 	 96.4970 	 2739.6556 	 100.0000 
23 	 9 	 9.2926 	 12.4867 	 24.2695 	 101.5492 	 90.6657 	 96.4970 	 2739.6556 	 100.0000 
24 	 9 	 9.2918 	 12.4865 	 24.2699 	 101.5589 	 90.6632 	 96.5068 	 2739.2526 	 100.0000 
25 	 9 	 9.2921 	 12.4880 	 24.2688 	 101.5688 	 90.6718 	 96.5016 	 2739.4718 	 100.0000 
26 	 9 	 9.2917 	 12.4884 	 24.2688 	 101.5599 	 90.6754 	 96.5028 	 2739.5284 	 100.0000 
27 	 9 	 9.2915 	 12.4892 	 24.2690 	 101.5580 	 90.6780 	 96.5027 	 2739.6823 	 100.0000 
28 	 9 	 9.2910 	 12.4892 	 24.2682 	 101.5464 	 90.6779 	 96.5133 	 2739.4998 	 100.0000 
29 	 9 	 9.2909 	 12.4891 	 24.2687 	 101.5467 	 90.6809 	 96.5126 	 2739.5027 	 100.0000 
30 	 9 	 9.2909 	 12.4899 	 24.2681 	 101.5438 	 90.6833 	 96.5103 	 2739.6253 	 100.0000 
31 	 9 	 9.2909 	 12.4922 	 24.2696 	 101.5464 	 90.6913 	 96.5025 	 2740.3176 	 100.0000 
32 	 9 	 9.2909 	 12.4929 	 24.2695 	 101.5473 	 90.6952 	 96.5035 	 2740.4299 	 100.0000 
33 	 9 	 9.2905 	 12.4938 	 24.2713 	 101.5413 	 90.6962 	 96.5014 	 2740.8149 	 100.0000 
34 	 9 	 9.2900 	 12.4944 	 24.2737 	 101.5435 	 90.7015 	 96.4993 	 2741.0233 	 100.0000 
35 	 9 	 9.2882 	 12.4929 	 24.2775 	 101.5450 	 90.7048 	 96.5188 	 2740.4483 	 100.0000 
36 	 9 	 9.2883 	 12.4904 	 24.2738 	 101.5560 	 90.7083 	 96.5234 	 2739.3856 	 100.0000 
37 	 9 	 9.2882 	 12.4899 	 24.2736 	 101.5550 	 90.7083 	 96.5248 	 2739.2290 	 100.0000 
38 	 9 	 9.2882 	 12.4912 	 24.2723 	 101.5572 	 90.7129 	 96.5223 	 2739.3202 	 100.0000 
39 	 9 	 9.2885 	 12.4920 	 24.2680 	 101.5749 	 90.7106 	 96.5117 	 2739.0103 	 100.0000 
40 	 9 	 9.2881 	 12.4931 	 24.2671 	 101.5770 	 90.7134 	 96.5089 	 2739.0121 	 100.0000 
41 	 9 	 9.2877 	 12.4967 	 24.2648 	 101.5521 	 90.7110 	 96.4957 	 2739.7565 	 100.0000 
42 	 9 	 9.2865 	 12.4968 	 24.2652 	 101.5320 	 90.6957 	 96.5004 	 2739.6876 	 100.0000 
43 	 9 	 9.2855 	 12.4968 	 24.2641 	 101.5200 	 90.6912 	 96.5100 	 2739.3475 	 100.0000 
44 	 9 	 9.2859 	 12.4975 	 24.2633 	 101.5093 	 90.6870 	 96.5057 	 2739.6618 	 100.0000 
45 	 9 	 9.2858 	 12.4976 	 24.2627 	 101.5085 	 90.6854 	 96.5042 	 2739.5876 	 100.0000 
46 	 9 	 9.2858 	 12.4962 	 24.2625 	 101.5148 	 90.6850 	 96.5097 	 2739.1662 	 100.0000 
47 	 9 	 9.2861 	 12.4965 	 24.2632 	 101.5108 	 90.6865 	 96.5075 	 2739.4651 	 100.0000 
48 	 9 	 9.2855 	 12.4976 	 24.2641 	 101.5139 	 90.6872 	 96.5007 	 2739.6371 	 100.0000 
49 	 9 	 9.2861 	 12.4984 	 24.2623 	 101.5186 	 90.6923 	 96.4944 	 2739.7743 	 100.0000 
50 	 9 	 9.2860 	 12.4989 	 24.2624 	 101.5198 	 90.6930 	 96.4919 	 2739.8438 	 100.0000 
51 	 9 	 9.2861 	 12.5009 	 24.2630 	 101.5126 	 90.6949 	 96.4651 	 2740.6061 	 100.0000 
52 	 9 	 9.2861 	 12.5009 	 24.2630 	 101.5126 	 90.6949 	 96.4651 	 2740.6061 	 100.0000 
53 	 9 	 9.2861 	 12.5009 	 24.2630 	 101.5126 	 90.6949 	 96.4651 	 2740.6061 	 100.0000 
54 	 9 	 9.2861 	 12.5009 	 24.2630 	 101.5126 	 90.6949 	 96.4651 	 2740.6061 	 100.0000 
55 	 9 	 9.2861 	 12.5009 	 24.2630 	 101.5126 	 90.6949 	 96.4651 	 2740.6061 	 100.0000 
56 	 9 	 9.2861 	 12.5009 	 24.2630 	 101.5126 	 90.6949 	 96.4651 	 2740.6061 	 100.0000 
57 	 9 	 9.2861 	 12.5009 	 24.2630 	 101.5126 	 90.6949 	 96.4651 	 2740.6061 	 100.0000 
58 	 9 	 9.2861 	 12.5009 	 24.2630 	 101.5126 	 90.6949 	 96.4651 	 2740.6061 	 100.0000 
59 	 9 	 9.2861 	 12.5009 	 24.2630 	 101.5126 	 90.6949 	 96.4651 	 2740.6061 	 100.0000 
60 	 9 	 9.2861 	 12.5009 	 24.2630 	 101.5126 	 90.6949 	 96.4651 	 2740.6061 	 100.0000 
61 	 9 	 9.2861 	 12.5009 	 24.2630 	 101.5126 	 90.6949 	 96.4651 	 2740.6061 	 100.0000 
62 	 9 	 9.2861 	 12.5009 	 24.2630 	 101.5126 	 90.6949 	 96.4651 	 2740.6061 	 100.0000 
63 	 9 	 9.2861 	 12.5009 	 24.2630 	 101.5126 	 90.6949 	 96.4651 	 2740.6061 	 100.0000 
64 	 9 	 9.2861 	 12.5009 	 24.2630 	 101.5126 	 90.6949 	 96.4651 	 2740.6061 	 100.0000 
65 	 9 	 9.2861 	 12.5009 	 24.2630 	 101.5126 	 90.6949 	 96.4651 	 2740.6061 	 100.0000 
66 	 9 	 9.2861 	 12.5009 	 24.2630 	 101.5126 	 90.6949 	 96.4651 	 2740.6061 	 100.0000 
67 	 9 	 9.2861 	 12.5009 	 24.2630 	 101.5126 	 90.6949 	 96.4651 	 2740.6061 	 100.0000 
68 	 9 	 9.2861 	 12.5009 	 24.2630 	 101.5126 	 90.6949 	 96.4651 	 2740.6061 	 100.0000 
69 	 9 	 9.2861 	 12.5009 	 24.2630 	 101.5126 	 90.6949 	 96.4651 	 2740.6061 	 100.0000 
70 	 9 	 9.2861 	 12.5009 	 24.2630 	 101.5126 	 90.6949 	 96.4651 	 2740.6061 	 100.0000 
71 	 9 	 9.2861 	 12.5009 	 24.2630 	 101.5126 	 90.6949 	 96.4651 	 2740.6061 	 100.0000 
72 	 9 	 9.2861 	 12.5009 	 24.2630 	 101.5126 	 90.6949 	 96.4651 	 2740.6061 	 100.0000 
73 	 9 	 9.2861 	 12.5009 	 24.2630 	 101.5126 	 90.6949 	 96.4651 	 2740.6061 	 100.0000 
1 	 10 	 9.2935 	 12.4913 	 24.2531 	 101.3714 	 90.8421 	 96.3989 	 2741.0807 	 98.2036 
2 	 10 	 9.2935 	 12.4913 	 24.2531 	 101.3714 	 90.8421 	 96.3989 	 2741.0807 	 98.2036 
3 	 10 	 9.2935 	 12.4913 	 24.2531 	 101.3714 	 90.8421 	 96.3989 	 2741.0807 	 98.2036 
4 	 10 	 9.2935 	 12.4913 	 24.2531 	 101.3714 	 90.8421 	 96.3989 	 2741.0807 	 98.2036 
5 	 10 	 9.2935 	 12.4913 	 24.2531 	 101.3714 	 90.8421 	 96.3989 	 2741.0807 	 98.2036 
6 	 10 	 9.2935 	 12.4913 	 24.2531 	 101.3714 	 90.8421 	 96.3989 	 2741.0807 	 98.2036 
7 	 10 	 9.2935 	 12.4913 	 24.2531 	 101.3714 	 90.8421 	 96.3989 	 2741.0807 	 98.2036 
8 	 10 	 9.2935 	 12.4913 	 24.2531 	 101.3714 	 90.8421 	 96.3989 	 2741.0807 	 98.2036 
9 	 10 	 9.2935 	 12.4913 	 24.2531 	 101.3714 	 90.8421 	 96.3989 	 2741.0807 	 98.2036 
10 	 10 	 9.2935 	 12.4913 	 24.2531 	 101.3714 	 90.8421 	 96.3989 	 2741.0807 	 98.2036 
11 	 10 	 9.2935 	 12.4913 	 24.2531 	 101.3714 	 90.8421 	 96.3989 	 2741.0807 	 98.2036 
12 	 10 	 9.2935 	 12.4913 	 24.2531 	 101.3714 	 90.8421 	 96.3989 	 2741.0807 	 98.2036 
13 	 10 	 9.2935 	 12.4913 	 24.2531 	 101.3714 	 90.8421 	 96.3989 	 2741.0807 	 98.2036 
14 	 10 	 9.2935 	 12.4913 	 24.2531 	 101.3714 	 90.8421 	 96.3989 	 2741.0807 	 98.2036 
15 	 10 	 9.2935 	 12.4913 	 24.2531 	 101.3714 	 90.8421 	 96.3989 	 2741.0807 	 98.2036 
16 	 10 	 9.2935 	 12.4913 	 24.2531 	 101.3714 	 90.8421 	 96.3989 	 2741.0807 	 98.2036 
17 	 10 	 9.2935 	 12.4913 	 24.2531 	 101.3714 	 90.8421 	 96.3989 	 2741.0807 	 98.2036 
18 	 10 	 9.2935 	 12.4913 	 24.2531 	 101.3714 	 90.8421 	 96.3989 	 2741.0807 	 98.2036 
19 	 10 	 9.2935 	 12.4913 	 24.2531 	 101.3714 	 90.8421 	 96.3989 	 2741.0807 	 98.2036 
20 	 10 	 9.2935 	 12.4913 	 24.2531 	 101.3714 	 90.8421 	 96.3989 	 2741.0807 	 98.2036 
21 	 10 	 9.2935 	 12.4913 	 24.2531 	 101.3714 	 90.8421 	 96.3989 	 2741.0807 	 98.2036 
22 	 10 	 9.2935 	 12.4913 	 24.2531 	 101.3714 	 90.8421 	 96.3989 	 2741.0807 	 98.2036 
23 	 10 	 9.2935 	 12.4913 	 24.2531 	 101.3714 	 90.8421 	 96.3989 	 2741.0807 	 98.2036 
24 	 10 	 9.2935 	 12.4913 	 24.2531 	 101.3714 	 90.8421 	 96.3989 	 2741.0807 	 98.2036 
25 	 10 	 9.2935 	 12.4913 	 24.2531 	 101.3714 	 90.8421 	 96.3989 	 2741.0807 	 98.2036 
26 	 10 	 9.2935 	 12.4913 	 24.2531 	 101.3714 	 90.8421 	 96.3989 	 2741.0807 	 98.2036 
27 	 10 	 9.2935 	 12.4913 	 24.2531 	 101.3714 	 90.8421 	 96.3989 	 2741.0807 	 98.2036 
28 	 10 	 9.2935 	 12.4913 	 24.2531 	 101.3714 	 90.8421 	 96.3989 	 2741.0807 	 98.2036 
29 	 10 	 9.2933 	 12.4913 	 24.2584 	 101.3615 	 90.8372 	 96.3934 	 2741.7821 	 98.1707 
30 	 10 	 9.2934 	 12.4913 	 24.2621 	 101.3566 	 90.8301 	 96.3880 	 2742.3153 	 98.1707 
31 	 10 	 9.2935 	 12.4914 	 24.2660 	 101.3491 	 90.8259 	 96.3866 	 2742.8861 	 98.1132 
32 	 10 	 9.2936 	 12.4912 	 24.2654 	 101.3539 	 90.8277 	 96.3841 	 2742.7644 	 98.0645 
33 	 10 	 9.2934 	 12.4906 	 24.2691 	 101.3514 	 90.8202 	 96.3888 	 2743.0088 	 98.0645 
34 	 10 	 9.2934 	 12.4910 	 24.2716 	 101.3450 	 90.8251 	 96.3901 	 2743.4096 	 98.0519 
35 	 10 	 9.2935 	 12.4909 	 24.2741 	 101.3454 	 90.8235 	 96.3880 	 2743.7183 	 98.0000 
36 	 10 	 9.2937 	 12.4908 	 24.2802 	 101.3353 	 90.8085 	 96.3807 	 2744.5939 	 97.3333 
37 	 10 	 9.2935 	 12.4907 	 24.2792 	 101.3402 	 90.8117 	 96.3789 	 2744.3893 	 97.2789 
38 	 10 	 9.2939 	 12.4909 	 24.2795 	 101.3389 	 90.8092 	 96.3773 	 2744.5905 	 97.2222 
39 	 10 	 9.2941 	 12.4910 	 24.2823 	 101.3362 	 90.8022 	 96.3710 	 2745.0561 	 96.4286 
40 	 10 	 9.2946 	 12.4907 	 24.2835 	 101.3423 	 90.7919 	 96.3692 	 2745.2576 	 96.3504 
41 	 10 	 9.2949 	 12.4912 	 24.2829 	 101.3396 	 90.7816 	 96.3697 	 2745.4385 	 96.3504 
42 	 10 	 9.2948 	 12.4911 	 24.2847 	 101.3377 	 90.7783 	 96.3676 	 2745.6314 	 96.3504 
43 	 10 	 9.2948 	 12.4912 	 24.2866 	 101.3364 	 90.7884 	 96.3670 	 2745.8571 	 96.2406 
44 	 10 	 9.2940 	 12.4908 	 24.2961 	 101.3339 	 90.8075 	 96.3646 	 2746.5968 	 96.2963 
45 	 10 	 9.2943 	 12.4906 	 24.2985 	 101.3340 	 90.8096 	 96.3631 	 2746.9313 	 96.2121 
46 	 10 	 9.2945 	 12.4904 	 24.3000 	 101.3344 	 90.8060 	 96.3636 	 2747.1263 	 96.2406 
47 	 10 	 9.2950 	 12.4904 	 24.3038 	 101.3325 	 90.8150 	 96.3560 	 2747.7287 	 96.2406 
48 	 10 	 9.2948 	 12.4904 	 24.3070 	 101.3329 	 90.8197 	 96.3586 	 2748.0087 	 96.2687 
49 	 10 	 9.2949 	 12.4902 	 24.3114 	 101.3340 	 90.8105 	 96.3624 	 2748.4637 	 96.2963 
50 	 10 	 9.2949 	 12.4903 	 24.3152 	 101.3318 	 90.8169 	 96.3615 	 2748.9547 	 96.2406 
51 	 10 	 9.2949 	 12.4903 	 24.3158 	 101.3354 	 90.8038 	 96.3631 	 2748.9993 	 96.1538 
52 	 10 	 9.2952 	 12.4905 	 24.3183 	 101.3370 	 90.8019 	 96.3636 	 2749.4122 	 95.9677 
53 	 10 	 9.2946 	 12.4906 	 24.3183 	 101.3398 	 90.7893 	 96.3624 	 2749.2483 	 95.9350 
54 	 10 	 9.2960 	 12.4909 	 24.3222 	 101.3398 	 90.7754 	 96.3734 	 2750.1240 	 96.6102 
55 	 10 	 9.2961 	 12.4917 	 24.3271 	 101.3482 	 90.7777 	 96.3672 	 2750.8392 	 96.5217 
56 	 10 	 9.2962 	 12.4921 	 24.3337 	 101.3549 	 90.7694 	 96.3619 	 2751.6519 	 96.4602 
57 	 10 	 9.2967 	 12.4930 	 24.3253 	 101.3656 	 90.7858 	 96.3566 	 2750.9415 	 96.2963 
58 	 10 	 9.2966 	 12.4935 	 24.3401 	 101.3957 	 90.8009 	 96.3472 	 2752.4416 	 96.2617 
59 	 10 	 9.2967 	 12.4940 	 24.3458 	 101.4021 	 90.8062 	 96.3454 	 2753.1750 	 96.2264 
60 	 10 	 9.2966 	 12.4944 	 24.3567 	 101.4204 	 90.7989 	 96.3480 	 2754.2929 	 96.1905 
61 	 10 	 9.2960 	 12.4950 	 24.3619 	 101.4309 	 90.7914 	 96.3441 	 2754.7711 	 96.1905 
62 	 10 	 9.2964 	 12.4963 	 24.3589 	 101.4545 	 90.7998 	 96.3285 	 2754.6490 	 96.2264 
63 	 10 	 9.2969 	 12.4966 	 24.3866 	 101.4757 	 90.7946 	 96.3205 	 2757.8481 	 95.2830 
64 	 10 	 9.2964 	 12.4979 	 24.3925 	 101.4915 	 90.7865 	 96.3274 	 2758.4580 	 96.2963 
65 	 10 	 9.2959 	 12.4980 	 24.3924 	 101.4925 	 90.7878 	 96.3291 	 2758.3257 	 96.2617 
66 	 10 	 9.2951 	 12.4982 	 24.3674 	 101.4754 	 90.8013 	 96.3207 	 2755.4862 	 97.1698 
67 	 10 	 9.2954 	 12.4979 	 24.3556 	 101.4605 	 90.8105 	 96.3160 	 2754.3180 	 97.1429 
68 	 10 	 9.2950 	 12.4980 	 24.3543 	 101.4649 	 90.8248 	 96.3112 	 2754.0556 	 97.1154 
69 	 10 	 9.2949 	 12.4985 	 24.3470 	 101.4580 	 90.8286 	 96.3114 	 2753.3717 	 97.1154 
70 	 10 	 9.2949 	 12.4985 	 24.3470 	 101.4580 	 90.8286 	 96.3114 	 2753.3717 	 97.1154 
71 	 10 	 9.2952 	 12.4978 	 24.3320 	 101.4304 	 90.8369 	 96.3094 	 2751.8637 	 97.1154 
72 	 10 	 9.2948 	 12.4983 	 24.3326 	 101.4343 	 90.8408 	 96.3052 	 2751.9242 	 97.0297 
73 	 10 	 9.2951 	 12.4978 	 24.3257 	 101.4270 	 90.8236 	 96.3165 	 2751.1550 	 97.1154 
74 	 10 	 9.2950 	 12.4980 	 24.3237 	 101.4250 	 90.8331 	 96.3083 	 2750.9926 	 97.1698 
75 	 10 	 9.2935 	 12.4973 	 24.3167 	 101.4109 	 90.8330 	 96.3120 	 2749.7126 	 98.1481 
76 	 10 	 9.2928 	 12.4977 	 24.3156 	 101.4112 	 90.8357 	 96.3132 	 2749.4478 	 98.1982 
77 	 10 	 9.2922 	 12.4986 	 24.3161 	 101.4206 	 90.8388 	 96.3109 	 2749.4218 	 98.2609 
78 	 10 	 9.2920 	 12.4982 	 24.3125 	 101.4131 	 90.8368 	 96.3129 	 2748.9477 	 98.2906 
79 	 10 	 9.2905 	 12.4994 	 24.3121 	 101.4195 	 90.8294 	 96.3203 	 2748.6444 	 98.2906 
80 	 10 	 9.2903 	 12.4996 	 24.3050 	 101.4075 	 90.8242 	 96.3200 	 2747.9578 	 98.3471 
81 	 10 	 9.2903 	 12.4996 	 24.3050 	 101.4075 	 90.8242 	 96.3200 	 2747.9578 	 98.3471 
82 	 10 	 9.2911 	 12.4984 	 24.2874 	 101.3739 	 90.7796 	 96.3382 	 2746.2260 	 99.1803 
83 	 10 	 9.2902 	 12.4984 	 24.2817 	 101.3626 	 90.7904 	 96.3367 	 2745.4496 	 99.1453 
84 	 10 	 9.2902 	 12.4984 	 24.2817 	 101.3626 	 90.7904 	 96.3367 	 2745.4496 	 99.1453 
85 	 10 	 9.2902 	 12.4984 	 24.2817 	 101.3626 	 90.7904 	 96.3367 	 2745.4496 	 99.1453 
86 	 10 	 9.2902 	 12.4984 	 24.2817 	 101.3626 	 90.7904 	 96.3367 	 2745.4496 	 99.1453 
87 	 10 	 9.2902 	 12.4984 	 24.2817 	 101.3626 	 90.7904 	 96.3367 	 2745.4496 	 99.1453 
88 	 10 	 9.2902 	 12.4984 	 24.2817 	 101.3626 	 90.7904 	 96.3367 	 2745.4496 	 99.1453 
89 	 10 	 9.2902 	 12.4984 	 24.2817 	 101.3626 	 90.7904 	 96.3367 	 2745.4496 	 99.1453 
90 	 10 	 9.2902 	 12.4984 	 24.2817 	 101.3626 	 90.7904 	 96.3367 	 2745.4496 	 99.1453 
91 	 10 	 9.2902 	 12.4984 	 24.2817 	 101.3626 	 90.7904 	 96.3367 	 2745.4496 	 99.1453 
92 	 10 	 9.2902 	 12.4984 	 24.2817 	 101.3626 	 90.7904 	 96.3367 	 2745.4496 	 99.1453 
93 	 10 	 9.2902 	 12.4984 	 24.2817 	 101.3626 	 90.7904 	 96.3367 	 2745.4496 	 99.1453 
94 	 10 	 9.2902 	 12.4984 	 24.2817 	 101.3626 	 90.7904 	 96.3367 	 2745.4496 	 99.1453 
95 	 10 	 9.2902 	 12.4984 	 24.2817 	 101.3626 	 90.7904 	 96.3367 	 2745.4496 	 99.1453 
96 	 10 	 9.2902 	 12.4984 	 24.2817 	 101.3626 	 90.7904 	 96.3367 	 2745.4496 	 99.1453 
97 	 10 	 9.2902 	 12.4984 	 24.2817 	 101.3626 	 90.7904 	 96.3367 	 2745.4496 	 99.1453 
98 	 10 	 9.2902 	 12.4984 	 24.2817 	 101.3626 	 90.7904 	 96.3367 	 2745.4496 	 99.1453 
99 	 10 	 9.2902 	 12.4984 	 24.2817 	 101.3626 	 90.7904 	 96.3367 	 2745.4496 	 99.1453 
100 	 10 	 9.2902 	 12.4984 	 24.2817 	 101.3626 	 90.7904 	 96.3367 	 2745.4496 	 99.1453 
101 	 10 	 9.2902 	 12.4984 	 24.2817 	 101.3626 	 90.7904 	 96.3367 	 2745.4496 	 99.1453 
102 	 10 	 9.2902 	 12.4984 	 24.2817 	 101.3626 	 90.7904 	 96.3367 	 2745.4496 	 99.1453 
103 	 10 	 9.2902 	 12.4984 	 24.2817 	 101.3626 	 90.7904 	 96.3367 	 2745.4496 	 99.1453 
104 	 10 	 9.2902 	 12.4984 	 24.2817 	 101.3626 	 90.7904 	 96.3367 	 2745.4496 	 99.1453 
105 	 10 	 9.2902 	 12.4984 	 24.2817 	 101.3626 	 90.7904 	 96.3367 	 2745.4496 	 99.1453 
106 	 10 	 9.2902 	 12.4984 	 24.2817 	 101.3626 	 90.7904 	 96.3367 	 2745.4496 	 99.1453 
107 	 10 	 9.2902 	 12.4984 	 24.2817 	 101.3626 	 90.7904 	 96.3367 	 2745.4496 	 99.1453 
108 	 10 	 9.2902 	 12.4984 	 24.2817 	 101.3626 	 90.7904 	 96.3367 	 2745.4496 	 99.1453 
109 	 10 	 9.2902 	 12.4984 	 24.2817 	 101.3626 	 90.7904 	 96.3367 	 2745.4496 	 99.1453 
1 	 11 	 9.3022 	 12.5113 	 24.2951 	 101.5896 	 90.7473 	 96.4179 	 2750.6884 	 100.0000 
2 	 11 	 9.3022 	 12.5113 	 24.2951 	 101.5896 	 90.7473 	 96.4179 	 2750.6884 	 100.0000 
3 	 11 	 9.3022 	 12.5113 	 24.2951 	 101.5896 	 90.7473 	 96.4179 	 2750.6884 	 100.0000 
4 	 11 	 9.3022 	 12.5113 	 24.2951 	 101.5896 	 90.7473 	 96.4179 	 2750.6884 	 100.0000 
5 	 11 	 9.3022 	 12.5113 	 24.2951 	 101.5896 	 90.7473 	 96.4179 	 2750.6884 	 100.0000 
6 	 11 	 9.3022 	 12.5113 	 24.2951 	 101.5896 	 90.7473 	 96.4179 	 2750.6884 	 100.0000 
7 	 11 	 9.3022 	 12.5113 	 24.2951 	 101.5896 	 90.7473 	 96.4179 	 2750.6884 	 100.0000 
8 	 11 	 9.3022 	 12.5113 	 24.2951 	 101.5896 	 90.7473 	 96.4179 	 2750.6884 	 100.0000 
9 	 11 	 9.3022 	 12.5113 	 24.2951 	 101.5896 	 90.7473 	 96.4179 	 2750.6884 	 100.0000 
10 	 11 	 9.3022 	 12.5113 	 24.2951 	 101.5896 	 90.7473 	 96.4179 	 2750.6884 	 100.0000 
11 	 11 	 9.3022 	 12.5113 	 24.2951 	 101.5896 	 90.7473 	 96.4179 	 2750.6884 	 100.0000 
12 	 11 	 9.3022 	 12.5113 	 24.2951 	 101.5896 	 90.7473 	 96.4179 	 2750.6884 	 100.0000 
13 	 11 	 9.3022 	 12.5113 	 24.2951 	 101.5896 	 90.7473 	 96.4179 	 2750.6884 	 100.0000 
14 	 11 	 9.3022 	 12.5113 	 24.2951 	 101.5896 	 90.7473 	 96.4179 	 2750.6884 	 100.0000 
15 	 11 	 9.3022 	 12.5113 	 24.2951 	 101.5896 	 90.7473 	 96.4179 	 2750.6884 	 100.0000 
16 	 11 	 9.3022 	 12.5113 	 24.2951 	 101.5896 	 90.7473 	 96.4179 	 2750.6884 	 100.0000 
17 	 11 	 9.3022 	 12.5113 	 24.2951 	 101.5896 	 90.7473 	 96.4179 	 2750.6884 	 100.0000 
18 	 11 	 9.3022 	 12.5113 	 24.2951 	 101.5896 	 90.7473 	 96.4179 	 2750.6884 	 100.0000 
19 	 11 	 9.3022 	 12.5113 	 24.2951 	 101.5896 	 90.7473 	 96.4179 	 2750.6884 	 100.0000 
20 	 11 	 9.3022 	 12.5113 	 24.2951 	 101.5896 	 90.7473 	 96.4179 	 2750.6884 	 100.0000 
21 	 11 	 9.3022 	 12.5113 	 24.2951 	 101.5896 	 90.7473 	 96.4179 	 2750.6884 	 100.0000 
22 	 11 	 9.3022 	 12.5113 	 24.2951 	 101.5896 	 90.7473 	 96.4179 	 2750.6884 	 100.0000 
23 	 11 	 9.3022 	 12.5113 	 24.2951 	 101.5896 	 90.7473 	 96.4179 	 2750.6884 	 100.0000 
24 	 11 	 9.3022 	 12.5113 	 24.2951 	 101.5896 	 90.7473 	 96.4179 	 2750.6884 	 100.0000 
25 	 11 	 9.3022 	 12.5113 	 24.2951 	 101.5896 	 90.7473 	 96.4179 	 2750.6884 	 100.0000 
26 	 11 	 9.3022 	 12.5105 	 24.2938 	 101.5833 	 90.7445 	 96.4196 	 2750.4387 	 100.0000 
27 	 11 	 9.3021 	 12.5103 	 24.2947 	 101.5759 	 90.7450 	 96.4220 	 2750.5310 	 100.0000 
28 	 11 	 9.3023 	 12.5086 	 24.2915 	 101.5548 	 90.7476 	 96.4280 	 2750.0156 	 100.0000 
29 	 11 	 9.3020 	 12.5111 	 24.2910 	 101.5553 	 90.7390 	 96.4358 	 2750.3670 	 100.0000 
30 	 11 	 9.3020 	 12.5096 	 24.2868 	 101.5233 	 90.7350 	 96.4521 	 2749.8039 	 100.0000 
31 	 11 	 9.3021 	 12.5037 	 24.2836 	 101.4784 	 90.7379 	 96.4618 	 2748.5701 	 100.0000 
32 	 11 	 9.3020 	 12.4991 	 24.2769 	 101.4367 	 90.7291 	 96.4736 	 2747.1177 	 100.0000 
33 	 11 	 9.3019 	 12.5013 	 24.2777 	 101.4446 	 90.7285 	 96.4737 	 2747.5987 	 100.0000 
34 	 11 	 9.3023 	 12.4982 	 24.2707 	 101.4144 	 90.7243 	 96.4806 	 2746.4907 	 100.0000 
35 	 11 	 9.3023 	 12.4984 	 24.2676 	 101.4141 	 90.7203 	 96.4789 	 2746.2142 	 100.0000 
36 	 11 	 9.3023 	 12.4983 	 24.2596 	 101.3943 	 90.7149 	 96.4760 	 2745.5033 	 100.0000 
37 	 11 	 9.3022 	 12.4979 	 24.2612 	 101.3936 	 90.7137 	 96.4789 	 2745.5465 	 100.0000 
38 	 11 	 9.3016 	 12.5001 	 24.2615 	 101.4024 	 90.7142 	 96.4680 	 2745.8892 	 100.0000 
39 	 11 	 9.3017 	 12.5004 	 24.2587 	 101.3861 	 90.7130 	 96.4702 	 2745.8283 	 100.0000 
40 	 11 	 9.3016 	 12.5000 	 24.2594 	 101.3818 	 90.7132 	 96.4726 	 2745.8083 	 100.0000 
41 	 11 	 9.3018 	 12.4964 	 24.2551 	 101.3565 	 90.7140 	 96.4732 	 2744.8375 	 100.0000 
42 	 11 	 9.3022 	 12.4933 	 24.2538 	 101.3373 	 90.7163 	 96.4765 	 2744.2750 	 100.0000 
43 	 11 	 9.3021 	 12.4942 	 24.2550 	 101.3391 	 90.7213 	 96.4679 	 2744.6018 	 100.0000 
44 	 11 	 9.3008 	 12.4935 	 24.2549 	 101.3263 	 90.7014 	 96.4886 	 2744.1160 	 100.0000 
45 	 11 	 9.3009 	 12.4929 	 24.2550 	 101.3211 	 90.7019 	 96.4932 	 2744.0393 	 100.0000 
46 	 11 	 9.3006 	 12.4909 	 24.2488 	 101.2953 	 90.6937 	 96.5001 	 2743.0512 	 100.0000 
47 	 11 	 9.3004 	 12.4880 	 24.2478 	 101.2784 	 90.6911 	 96.5099 	 2742.3412 	 100.0000 
48 	 11 	 9.2999 	 12.4869 	 24.2451 	 101.2609 	 90.6866 	 96.5165 	 2741.7913 	 100.0000 
49 	 11 	 9.3002 	 12.4791 	 24.2500 	 101.2554 	 90.6874 	 96.5302 	 2740.6840 	 100.0000 
50 	 11 	 9.3006 	 12.4783 	 24.2492 	 101.2509 	 90.6942 	 96.5292 	 2740.5599 	 100.0000 
51 	 11 	 9.3003 	 12.4747 	 24.2514 	 101.2524 	 90.6893 	 96.5439 	 2739.8497 	 100.0000 
52 	 11 	 9.3002 	 12.4728 	 24.2503 	 101.2417 	 90.6890 	 96.5454 	 2739.3852 	 100.0000 
53 	 11 	 9.3005 	 12.4734 	 24.2507 	 101.2454 	 90.6959 	 96.5389 	 2739.6483 	 100.0000 
54 	 11 	 9.3001 	 12.4683 	 24.2500 	 101.2369 	 90.6888 	 96.5581 	 2738.2918 	 100.0000 
55 	 11 	 9.3002 	 12.4661 	 24.2484 	 101.2283 	 90.6885 	 96.5673 	 2737.7187 	 100.0000 
56 	 11 	 9.3003 	 12.4649 	 24.2484 	 101.2240 	 90.6891 	 96.5660 	 2737.5048 	 100.0000 
57 	 11 	 9.3009 	 12.4651 	 24.2485 	 101.2283 	 90.6982 	 96.5622 	 2737.7220 	 100.0000 
58 	 11 	 9.3003 	 12.4595 	 24.2485 	 101.2193 	 90.6954 	 96.5866 	 2736.2604 	 100.0000 
59 	 11 	 9.3001 	 12.4564 	 24.2505 	 101.2184 	 90.6965 	 96.5948 	 2735.7031 	 100.0000 
60 	 11 	 9.2998 	 12.4528 	 24.2556 	 101.2250 	 90.6984 	 96.6116 	 2735.2301 	 100.0000 
61 	 11 	 9.2998 	 12.4488 	 24.2541 	 101.2220 	 90.6941 	 96.6247 	 2734.1347 	 100.0000 
62 	 11 	 9.2997 	 12.4493 	 24.2573 	 101.2254 	 90.6998 	 96.6239 	 2734.5236 	 100.0000 
63 	 11 	 9.2990 	 12.4502 	 24.2659 	 101.2820 	 90.7062 	 96.6416 	 2734.8527 	 100.0000 
64 	 11 	 9.2989 	 12.4523 	 24.2636 	 101.2753 	 90.7046 	 96.6342 	 2735.1250 	 100.0000 
65 	 11 	 9.2988 	 12.4519 	 24.2654 	 101.2801 	 90.7100 	 96.6361 	 2735.1424 	 100.0000 
66 	 11 	 9.3004 	 12.4507 	 24.2656 	 101.2717 	 90.7224 	 96.6435 	 2735.3772 	 100.0000 
67 	 11 	 9.2998 	 12.4501 	 24.2667 	 101.2818 	 90.7247 	 96.6593 	 2735.0012 	 100.0000 
68 	 11 	 9.2998 	 12.4485 	 24.2693 	 101.3085 	 90.7287 	 96.6649 	 2734.6148 	 100.0000 
69 	 11 	 9.2992 	 12.4461 	 24.2670 	 101.2973 	 90.7205 	 96.6872 	 2733.6717 	 100.0000 
70 	 11 	 9.3003 	 12.4488 	 24.2717 	 101.3336 	 90.7383 	 96.6654 	 2734.8668 	 100.0000 
71 	 11 	 9.3005 	 12.4489 	 24.2708 	 101.3313 	 90.7361 	 96.6693 	 2734.8519 	 100.0000 
72 	 11 	 9.3005 	 12.4489 	 24.2708 	 101.3313 	 90.7361 	 96.6693 	 2734.8519 	 100.0000 
73 	 11 	 9.3005 	 12.4489 	 24.2708 	 101.3313 	 90.7361 	 96.6693 	 2734.8519 	 100.0000 
74 	 11 	 9.3005 	 12.4489 	 24.2708 	 101.3313 	 90.7361 	 96.6693 	 2734.8519 	 100.0000 
75 	 11 	 9.3005 	 12.4489 	 24.2708 	 101.3313 	 90.7361 	 96.6693 	 2734.8519 	 100.0000 
76 	 11 	 9.3005 	 12.4489 	 24.2708 	 101.3313 	 90.7361 	 96.6693 	 2734.8519 	 100.0000 
77 	 11 	 9.3005 	 12.4489 	 24.2708 	 101.3313 	 90.7361 	 96.6693 	 2734.8519 	 100.0000 
78 	 11 	 9.3005 	 12.4489 	 24.2708 	 101.3313 	 90.7361 	 96.6693 	 2734.8519 	 100.0000 
79 	 11 	 9.3005 	 12.4489 	 24.2708 	 101.3313 	 90.7361 	 96.6693 	 2734.8519 	 100.0000 
80 	 11 	 9.3005 	 12.4489 	 24.2708 	 101.3313 	 90.7361 	 96.6693 	 2734.8519 	 100.0000 
81 	 11 	 9.3005 	 12.4489 	 24.2708 	 101.3313 	 90.7361 	 96.6693 	 2734.8519 	 100.0000 
82 	 11 	 9.3005 	 12.4489 	 24.2708 	 101.3313 	 90.7361 	 96.6693 	 2734.8519 	 100.0000 
83 	 11 	 9.3005 	 12.4489 	 24.2708 	 101.3313 	 90.7361 	 96.6693 	 2734.8519 	 100.0000 
84 	 11 	 9.3005 	 12.4489 	 24.2708 	 101.3313 	 90.7361 	 96.6693 	 2734.8519 	 100.0000 
85 	 11 	 9.3005 	 12.4489 	 24.2708 	 101.3313 	 90.7361 	 96.6693 	 2734.8519 	 100.0000 
86 	 11 	 9.3005 	 12.4489 	 24.2708 	 101.3313 	 90.7361 	 96.6693 	 2734.8519 	 100.0000 
87 	 11 	 9.3005 	 12.4489 	 24.2708 	 101.3313 	 90.7361 	 96.6693 	 2734.8519 	 100.0000 
88 	 11 	 9.3005 	 12.4489 	 24.2708 	 101.3313 	 90.7361 	 96.6693 	 2734.8519 	 100.0000 
89 	 11 	 9.3005 	 12.4489 	 24.2708 	 101.3313 	 90.7361 	 96.6693 	 2734.8519 	 100.0000 
90 	 11 	 9.3005 	 12.4489 	 24.2708 	 101.3313 	 90.7361 	 96.6693 	 2734.8519 	 100.0000 
91 	 11 	 9.3005 	 12.4489 	 24.2708 	 101.3313 	 90.7361 	 96.6693 	 2734.8519 	 100.0000 
92 	 11 	 9.3005 	 12.4489 	 24.2708 	 101.3313 	 90.7361 	 96.6693 	 2734.8519 	 100.0000 
93 	 11 	 9.3005 	 12.4489 	 24.2708 	 101.3313 	 90.7361 	 96.6693 	 2734.8519 	 100.0000 
94 	 11 	 9.3005 	 12.4489 	 24.2708 	 101.3313 	 90.7361 	 96.6693 	 2734.8519 	 100.0000 
95 	 11 	 9.3005 	 12.4489 	 24.2708 	 101.3313 	 90.7361 	 96.6693 	 2734.8519 	 100.0000 
