[RefinedModels 1]

1 	 1 	 81.7794 	 32.0852 	 171.8349 	 1044.7924 	 1038.4620 	 0.0115 	 0.1729 	 0.1636
2 	 1 	 81.7794 	 32.0852 	 171.8349 	 1044.7924 	 1038.4620 	 0.0115 	 0.1729 	 0.1636
3 	 1 	 81.7794 	 32.0852 	 171.8349 	 1044.7924 	 1038.4620 	 0.0115 	 0.1729 	 0.1636
4 	 1 	 81.7794 	 32.0852 	 171.8349 	 1044.7924 	 1038.4620 	 0.0115 	 0.1729 	 0.1636
5 	 1 	 81.7794 	 32.0852 	 171.8349 	 1044.7924 	 1038.4620 	 0.0115 	 0.1729 	 0.1636
6 	 1 	 81.7794 	 32.0852 	 171.8349 	 1044.7924 	 1038.4620 	 0.0115 	 0.1729 	 0.1636
7 	 1 	 81.7794 	 32.0852 	 171.8349 	 1044.7924 	 1038.4620 	 0.0115 	 0.1729 	 0.1636
8 	 1 	 81.7794 	 32.0852 	 171.8349 	 1044.7924 	 1038.4620 	 0.0115 	 0.1729 	 0.1636
9 	 1 	 81.7794 	 32.0852 	 171.8349 	 1044.7924 	 1038.4620 	 0.0115 	 0.1729 	 0.1636
10 	 1 	 81.7794 	 32.0852 	 171.8349 	 1044.7924 	 1038.4620 	 0.0115 	 0.1729 	 0.1636
11 	 1 	 81.7794 	 32.0852 	 171.8349 	 1044.7924 	 1038.4620 	 0.0115 	 0.1729 	 0.1636
12 	 1 	 81.7794 	 32.0852 	 171.8349 	 1044.7924 	 1038.4620 	 0.0115 	 0.1729 	 0.1636
13 	 1 	 81.7794 	 32.0852 	 171.8349 	 1044.7924 	 1038.4620 	 0.0115 	 0.1729 	 0.1636
14 	 1 	 81.7794 	 32.0852 	 171.8349 	 1044.7924 	 1038.4620 	 0.0115 	 0.1729 	 0.1636
15 	 1 	 81.7794 	 32.0852 	 171.8349 	 1044.7924 	 1038.4620 	 0.0115 	 0.1729 	 0.1636
16 	 1 	 81.7794 	 32.0852 	 171.8349 	 1044.7924 	 1038.4620 	 0.0115 	 0.1729 	 0.1636
17 	 1 	 81.7794 	 32.0852 	 171.8349 	 1044.7924 	 1038.4620 	 0.0115 	 0.1729 	 0.1636
18 	 1 	 81.7794 	 32.0852 	 171.8349 	 1044.7924 	 1038.4620 	 0.0115 	 0.1729 	 0.1636
19 	 1 	 81.7794 	 32.0852 	 171.8349 	 1044.7924 	 1038.4620 	 0.0115 	 0.1729 	 0.1636
20 	 1 	 81.7794 	 32.0852 	 171.8349 	 1044.7924 	 1038.4620 	 0.0115 	 0.1729 	 0.1636
21 	 1 	 81.7794 	 32.0852 	 171.8349 	 1044.7924 	 1038.4620 	 0.0115 	 0.1729 	 0.1636
22 	 1 	 81.7794 	 32.0852 	 171.8349 	 1044.7924 	 1038.4620 	 0.0115 	 0.1729 	 0.1636
23 	 1 	 81.7794 	 32.0852 	 171.8349 	 1044.7924 	 1038.4620 	 0.0115 	 0.1729 	 0.1636
24 	 1 	 81.7794 	 32.0852 	 171.8349 	 1044.7924 	 1038.4620 	 0.0115 	 0.1729 	 0.1636
25 	 1 	 81.7794 	 32.0852 	 171.8349 	 1044.7924 	 1038.4620 	 0.0115 	 0.1729 	 0.1636
26 	 1 	 81.7794 	 32.0852 	 171.8349 	 1044.7924 	 1038.4620 	 0.0121 	 0.1835 	 0.1684
27 	 1 	 81.7760 	 32.0861 	 171.8595 	 1044.7906 	 1038.4328 	 0.0120 	 0.1831 	 0.1701
28 	 1 	 81.7844 	 32.0927 	 171.8221 	 1044.8217 	 1038.5684 	 0.0119 	 0.1919 	 0.1805
29 	 1 	 81.7838 	 32.1025 	 171.8017 	 1044.7925 	 1038.6135 	 0.0117 	 0.1860 	 0.1747
30 	 1 	 81.7811 	 32.1064 	 171.7868 	 1044.7998 	 1038.5977 	 0.0121 	 0.1880 	 0.1735
31 	 1 	 81.7856 	 32.1091 	 171.7842 	 1044.7957 	 1038.7100 	 0.0121 	 0.1836 	 0.1704
32 	 1 	 81.7723 	 32.1118 	 171.8127 	 1044.8033 	 1038.6297 	 0.0119 	 0.1847 	 0.1634
33 	 1 	 81.7686 	 32.1152 	 171.8228 	 1044.7944 	 1038.5835 	 0.0117 	 0.1835 	 0.1598
34 	 1 	 81.7796 	 32.1213 	 171.8107 	 1044.7651 	 1038.6603 	 0.0118 	 0.1842 	 0.1607
35 	 1 	 81.7721 	 32.1195 	 171.8336 	 1044.7746 	 1038.5559 	 0.0115 	 0.1796 	 0.1601
36 	 1 	 81.7663 	 32.1238 	 171.8432 	 1044.7828 	 1038.5218 	 0.0117 	 0.1819 	 0.1600
37 	 1 	 81.7612 	 32.1280 	 171.8349 	 1044.7860 	 1038.4482 	 0.0116 	 0.1842 	 0.1594
38 	 1 	 81.7861 	 32.1309 	 171.8241 	 1044.7557 	 1038.5092 	 0.0114 	 0.1792 	 0.1614
39 	 1 	 81.7717 	 32.1272 	 171.8348 	 1044.7669 	 1038.4295 	 0.0113 	 0.1788 	 0.1679
40 	 1 	 81.7767 	 32.1165 	 171.8358 	 1044.7285 	 1038.4857 	 0.0110 	 0.1688 	 0.1675
41 	 1 	 81.7620 	 32.0957 	 171.8601 	 1044.7654 	 1038.4481 	 0.0109 	 0.1740 	 0.1733
42 	 1 	 81.7627 	 32.0917 	 171.8596 	 1044.7820 	 1038.3843 	 0.0109 	 0.1728 	 0.1734
43 	 1 	 81.7514 	 32.0923 	 171.8694 	 1044.7920 	 1038.2830 	 0.0107 	 0.1732 	 0.1710
44 	 1 	 81.7576 	 32.0866 	 171.8714 	 1044.7485 	 1038.3210 	 0.0109 	 0.1712 	 0.1684
45 	 1 	 81.7661 	 32.0927 	 171.8549 	 1044.7252 	 1038.2833 	 0.0109 	 0.1765 	 0.1681
46 	 1 	 81.7666 	 32.0951 	 171.8511 	 1044.7242 	 1038.2220 	 0.0109 	 0.1756 	 0.1673
47 	 1 	 81.7574 	 32.0976 	 171.8612 	 1044.7287 	 1038.1716 	 0.0108 	 0.1735 	 0.1640
48 	 1 	 81.7633 	 32.0986 	 171.8535 	 1044.7560 	 1038.1387 	 0.0108 	 0.1729 	 0.1615
49 	 1 	 81.7673 	 32.0997 	 171.8522 	 1044.7669 	 1038.1847 	 0.0115 	 0.1727 	 0.1599
50 	 1 	 81.7651 	 32.1040 	 171.8574 	 1044.7706 	 1038.1960 	 0.0114 	 0.1718 	 0.1594
51 	 1 	 81.7638 	 32.1030 	 171.8607 	 1044.7663 	 1038.1150 	 0.0114 	 0.1694 	 0.1606
52 	 1 	 81.7690 	 32.0952 	 171.8589 	 1044.7654 	 1038.1770 	 0.0113 	 0.1697 	 0.1602
53 	 1 	 81.7635 	 32.1071 	 171.8728 	 1044.7648 	 1038.2170 	 0.0111 	 0.1665 	 0.1584
54 	 1 	 81.7596 	 32.1030 	 171.8722 	 1044.7664 	 1038.1583 	 0.0110 	 0.1666 	 0.1572
55 	 1 	 81.7599 	 32.1033 	 171.8805 	 1044.7580 	 1038.2887 	 0.0123 	 0.1545 	 0.1571
56 	 1 	 81.7675 	 32.0989 	 171.8691 	 1044.7535 	 1038.3123 	 0.0121 	 0.1538 	 0.1570
57 	 1 	 81.7838 	 32.0933 	 171.8531 	 1044.7374 	 1038.4414 	 0.0120 	 0.1590 	 0.1633
58 	 1 	 81.7885 	 32.1022 	 171.8428 	 1044.7709 	 1038.3583 	 0.0121 	 0.1588 	 0.1607
59 	 1 	 81.7904 	 32.1027 	 171.8435 	 1044.7757 	 1038.4057 	 0.0122 	 0.1610 	 0.1624
60 	 1 	 81.7905 	 32.1080 	 171.8496 	 1044.7964 	 1038.4121 	 0.0119 	 0.1584 	 0.1595
61 	 1 	 81.8017 	 32.1095 	 171.8422 	 1044.7809 	 1038.4747 	 0.0118 	 0.1599 	 0.1596
62 	 1 	 81.8130 	 32.1100 	 171.8257 	 1044.7738 	 1038.4821 	 0.0120 	 0.1652 	 0.1597
63 	 1 	 81.8074 	 32.1177 	 171.8423 	 1044.8282 	 1038.5700 	 0.0116 	 0.1657 	 0.1553
64 	 1 	 81.8015 	 32.1085 	 171.8471 	 1044.8132 	 1038.5355 	 0.0114 	 0.1642 	 0.1533
65 	 1 	 81.7994 	 32.1090 	 171.8487 	 1044.8176 	 1038.5308 	 0.0116 	 0.1670 	 0.1553
66 	 1 	 81.7994 	 32.1090 	 171.8487 	 1044.8176 	 1038.5308 	 0.0115 	 0.1729 	 0.1636
67 	 1 	 81.7994 	 32.1090 	 171.8487 	 1044.8176 	 1038.5308 	 0.0115 	 0.1729 	 0.1636
68 	 1 	 81.7994 	 32.1090 	 171.8487 	 1044.8176 	 1038.5308 	 0.0115 	 0.1729 	 0.1636
69 	 1 	 81.7994 	 32.1090 	 171.8487 	 1044.8176 	 1038.5308 	 0.0115 	 0.1729 	 0.1636
70 	 1 	 81.7994 	 32.1090 	 171.8487 	 1044.8176 	 1038.5308 	 0.0115 	 0.1729 	 0.1636
71 	 1 	 81.7994 	 32.1090 	 171.8487 	 1044.8176 	 1038.5308 	 0.0115 	 0.1729 	 0.1636
72 	 1 	 81.7994 	 32.1090 	 171.8487 	 1044.8176 	 1038.5308 	 0.0115 	 0.1729 	 0.1636
73 	 1 	 81.7994 	 32.1090 	 171.8487 	 1044.8176 	 1038.5308 	 0.0115 	 0.1729 	 0.1636
74 	 1 	 81.7994 	 32.1090 	 171.8487 	 1044.8176 	 1038.5308 	 0.0115 	 0.1729 	 0.1636
75 	 1 	 81.7994 	 32.1090 	 171.8487 	 1044.8176 	 1038.5308 	 0.0115 	 0.1729 	 0.1636
76 	 1 	 81.7994 	 32.1090 	 171.8487 	 1044.8176 	 1038.5308 	 0.0115 	 0.1729 	 0.1636
77 	 1 	 81.7994 	 32.1090 	 171.8487 	 1044.8176 	 1038.5308 	 0.0115 	 0.1729 	 0.1636
78 	 1 	 81.7994 	 32.1090 	 171.8487 	 1044.8176 	 1038.5308 	 0.0115 	 0.1729 	 0.1636
79 	 1 	 81.7994 	 32.1090 	 171.8487 	 1044.8176 	 1038.5308 	 0.0115 	 0.1729 	 0.1636
80 	 1 	 81.7994 	 32.1090 	 171.8487 	 1044.8176 	 1038.5308 	 0.0115 	 0.1729 	 0.1636
81 	 1 	 81.7994 	 32.1090 	 171.8487 	 1044.8176 	 1038.5308 	 0.0115 	 0.1729 	 0.1636
82 	 1 	 81.7994 	 32.1090 	 171.8487 	 1044.8176 	 1038.5308 	 0.0115 	 0.1729 	 0.1636
83 	 1 	 81.7994 	 32.1090 	 171.8487 	 1044.8176 	 1038.5308 	 0.0115 	 0.1729 	 0.1636
84 	 1 	 81.7994 	 32.1090 	 171.8487 	 1044.8176 	 1038.5308 	 0.0115 	 0.1729 	 0.1636
85 	 1 	 81.7994 	 32.1090 	 171.8487 	 1044.8176 	 1038.5308 	 0.0115 	 0.1729 	 0.1636
86 	 1 	 81.7994 	 32.1090 	 171.8487 	 1044.8176 	 1038.5308 	 0.0115 	 0.1729 	 0.1636
87 	 1 	 81.7994 	 32.1090 	 171.8487 	 1044.8176 	 1038.5308 	 0.0115 	 0.1729 	 0.1636
88 	 1 	 81.7994 	 32.1090 	 171.8487 	 1044.8176 	 1038.5308 	 0.0115 	 0.1729 	 0.1636
89 	 1 	 81.7994 	 32.1090 	 171.8487 	 1044.8176 	 1038.5308 	 0.0115 	 0.1729 	 0.1636
90 	 1 	 81.7994 	 32.1090 	 171.8487 	 1044.8176 	 1038.5308 	 0.0115 	 0.1729 	 0.1636
1 	 2 	 81.7804 	 32.0857 	 171.8643 	 1045.4169 	 1042.4682 	 0.0081 	 0.1029 	 0.0913
2 	 2 	 81.7804 	 32.0857 	 171.8643 	 1045.4169 	 1042.4682 	 0.0081 	 0.1029 	 0.0913
3 	 2 	 81.7804 	 32.0857 	 171.8643 	 1045.4169 	 1042.4682 	 0.0081 	 0.1029 	 0.0913
4 	 2 	 81.7804 	 32.0857 	 171.8643 	 1045.4169 	 1042.4682 	 0.0081 	 0.1029 	 0.0913
5 	 2 	 81.7804 	 32.0857 	 171.8643 	 1045.4169 	 1042.4682 	 0.0081 	 0.1029 	 0.0913
6 	 2 	 81.7804 	 32.0857 	 171.8643 	 1045.4169 	 1042.4682 	 0.0081 	 0.1029 	 0.0913
7 	 2 	 81.7804 	 32.0857 	 171.8643 	 1045.4169 	 1042.4682 	 0.0081 	 0.1029 	 0.0913
8 	 2 	 81.7804 	 32.0857 	 171.8643 	 1045.4169 	 1042.4682 	 0.0081 	 0.1029 	 0.0913
9 	 2 	 81.7804 	 32.0857 	 171.8643 	 1045.4169 	 1042.4682 	 0.0081 	 0.1029 	 0.0913
10 	 2 	 81.7804 	 32.0857 	 171.8643 	 1045.4169 	 1042.4682 	 0.0081 	 0.1029 	 0.0913
11 	 2 	 81.7804 	 32.0857 	 171.8643 	 1045.4169 	 1042.4682 	 0.0081 	 0.1029 	 0.0913
12 	 2 	 81.7804 	 32.0857 	 171.8643 	 1045.4169 	 1042.4682 	 0.0081 	 0.1029 	 0.0913
13 	 2 	 81.7804 	 32.0857 	 171.8643 	 1045.4169 	 1042.4682 	 0.0081 	 0.1029 	 0.0913
14 	 2 	 81.7804 	 32.0857 	 171.8643 	 1045.4169 	 1042.4682 	 0.0081 	 0.1029 	 0.0913
15 	 2 	 81.7804 	 32.0857 	 171.8643 	 1045.4169 	 1042.4682 	 0.0081 	 0.1029 	 0.0913
16 	 2 	 81.7804 	 32.0857 	 171.8643 	 1045.4169 	 1042.4682 	 0.0081 	 0.1029 	 0.0913
17 	 2 	 81.7804 	 32.0857 	 171.8643 	 1045.4169 	 1042.4682 	 0.0081 	 0.1029 	 0.0913
18 	 2 	 81.7804 	 32.0857 	 171.8643 	 1045.4169 	 1042.4682 	 0.0081 	 0.1029 	 0.0913
19 	 2 	 81.7804 	 32.0857 	 171.8643 	 1045.4169 	 1042.4682 	 0.0081 	 0.1029 	 0.0913
20 	 2 	 81.7804 	 32.0857 	 171.8643 	 1045.4169 	 1042.4682 	 0.0081 	 0.1029 	 0.0913
21 	 2 	 81.7804 	 32.0857 	 171.8643 	 1045.4169 	 1042.4682 	 0.0081 	 0.1029 	 0.0913
22 	 2 	 81.7804 	 32.0857 	 171.8643 	 1045.4169 	 1042.4682 	 0.0081 	 0.1029 	 0.0913
23 	 2 	 81.7804 	 32.0857 	 171.8643 	 1045.4169 	 1042.4682 	 0.0081 	 0.1029 	 0.0913
24 	 2 	 81.7804 	 32.0857 	 171.8643 	 1045.4169 	 1042.4682 	 0.0081 	 0.1029 	 0.0913
25 	 2 	 81.7804 	 32.0857 	 171.8643 	 1045.4169 	 1042.4682 	 0.0081 	 0.1029 	 0.0913
26 	 2 	 81.7804 	 32.0857 	 171.8643 	 1045.4169 	 1042.4682 	 0.0087 	 0.1215 	 0.1095
27 	 2 	 81.7844 	 32.0907 	 171.8607 	 1045.4165 	 1042.4755 	 0.0086 	 0.1206 	 0.1085
28 	 2 	 81.7841 	 32.0966 	 171.8643 	 1045.4115 	 1042.3903 	 0.0086 	 0.1188 	 0.1087
29 	 2 	 81.7702 	 32.1008 	 171.8742 	 1045.4018 	 1042.3533 	 0.0086 	 0.1194 	 0.1083
30 	 2 	 81.7672 	 32.0973 	 171.8768 	 1045.3966 	 1042.3246 	 0.0085 	 0.1170 	 0.1075
31 	 2 	 81.7638 	 32.0995 	 171.8817 	 1045.4054 	 1042.3637 	 0.0081 	 0.1123 	 0.1002
32 	 2 	 81.7752 	 32.0983 	 171.8672 	 1045.4089 	 1042.3474 	 0.0080 	 0.1108 	 0.0974
33 	 2 	 81.7789 	 32.1013 	 171.8641 	 1045.3950 	 1042.2905 	 0.0082 	 0.1091 	 0.0985
34 	 2 	 81.7809 	 32.0972 	 171.8579 	 1045.3866 	 1042.3150 	 0.0087 	 0.1113 	 0.0991
35 	 2 	 81.7819 	 32.1009 	 171.8607 	 1045.3761 	 1042.2487 	 0.0087 	 0.1106 	 0.0992
36 	 2 	 81.7824 	 32.1038 	 171.8609 	 1045.3668 	 1042.2139 	 0.0087 	 0.1114 	 0.1002
37 	 2 	 81.7676 	 32.0952 	 171.8691 	 1045.3712 	 1042.2215 	 0.0086 	 0.1109 	 0.0969
38 	 2 	 81.7664 	 32.0981 	 171.8716 	 1045.3786 	 1042.2140 	 0.0085 	 0.1106 	 0.0962
39 	 2 	 81.7691 	 32.0873 	 171.8610 	 1045.3838 	 1042.2665 	 0.0086 	 0.1101 	 0.0946
40 	 2 	 81.7693 	 32.0826 	 171.8583 	 1045.3881 	 1042.2805 	 0.0086 	 0.1112 	 0.0960
41 	 2 	 81.7682 	 32.0906 	 171.8594 	 1045.3839 	 1042.2637 	 0.0084 	 0.1080 	 0.0946
42 	 2 	 81.7682 	 32.0906 	 171.8594 	 1045.3839 	 1042.2637 	 0.0084 	 0.1080 	 0.0946
43 	 2 	 81.7698 	 32.0894 	 171.8558 	 1045.3777 	 1042.2622 	 0.0084 	 0.1077 	 0.0946
44 	 2 	 81.7786 	 32.1008 	 171.8468 	 1045.3706 	 1042.1896 	 0.0083 	 0.1071 	 0.0938
45 	 2 	 81.7681 	 32.0975 	 171.8512 	 1045.3632 	 1042.2208 	 0.0082 	 0.1090 	 0.0932
46 	 2 	 81.7601 	 32.1028 	 171.8659 	 1045.3661 	 1042.1651 	 0.0083 	 0.1070 	 0.0927
47 	 2 	 81.7745 	 32.1031 	 171.8503 	 1045.3506 	 1042.1607 	 0.0083 	 0.1042 	 0.0901
48 	 2 	 81.7662 	 32.1058 	 171.8593 	 1045.3384 	 1042.1078 	 0.0083 	 0.1036 	 0.0892
49 	 2 	 81.7711 	 32.1071 	 171.8581 	 1045.3368 	 1042.0905 	 0.0083 	 0.1033 	 0.0879
50 	 2 	 81.7685 	 32.1083 	 171.8591 	 1045.3446 	 1042.0409 	 0.0082 	 0.1023 	 0.0875
51 	 2 	 81.7604 	 32.1097 	 171.8667 	 1045.3420 	 1042.0458 	 0.0082 	 0.1002 	 0.0861
52 	 2 	 81.7590 	 32.1078 	 171.8687 	 1045.3419 	 1042.0254 	 0.0081 	 0.0991 	 0.0866
53 	 2 	 81.7563 	 32.1068 	 171.8743 	 1045.3386 	 1042.0578 	 0.0080 	 0.0974 	 0.0854
54 	 2 	 81.7579 	 32.1046 	 171.8749 	 1045.3382 	 1042.0281 	 0.0079 	 0.0977 	 0.0849
55 	 2 	 81.7618 	 32.1052 	 171.8737 	 1045.3410 	 1041.9631 	 0.0080 	 0.0968 	 0.0866
56 	 2 	 81.7610 	 32.1095 	 171.8727 	 1045.3418 	 1041.9436 	 0.0079 	 0.0969 	 0.0864
57 	 2 	 81.7734 	 32.1122 	 171.8616 	 1045.3421 	 1041.9649 	 0.0080 	 0.1002 	 0.0863
58 	 2 	 81.7693 	 32.1235 	 171.8654 	 1045.3409 	 1041.9008 	 0.0080 	 0.0974 	 0.0846
59 	 2 	 81.7677 	 32.1239 	 171.8688 	 1045.3356 	 1041.8710 	 0.0079 	 0.0965 	 0.0844
60 	 2 	 81.7734 	 32.1251 	 171.8634 	 1045.3351 	 1041.8649 	 0.0078 	 0.0961 	 0.0839
61 	 2 	 81.7722 	 32.1255 	 171.8674 	 1045.3348 	 1041.8407 	 0.0078 	 0.0957 	 0.0840
62 	 2 	 81.7712 	 32.1265 	 171.8777 	 1045.3234 	 1041.8221 	 0.0078 	 0.0939 	 0.0831
63 	 2 	 81.7733 	 32.1269 	 171.8766 	 1045.3180 	 1041.7583 	 0.0079 	 0.0944 	 0.0845
64 	 2 	 81.7701 	 32.1318 	 171.8868 	 1045.3180 	 1041.6461 	 0.0080 	 0.0939 	 0.0855
65 	 2 	 81.7699 	 32.1316 	 171.8878 	 1045.3161 	 1041.6074 	 0.0080 	 0.0937 	 0.0858
66 	 2 	 81.7735 	 32.1304 	 171.8837 	 1045.3157 	 1041.6054 	 0.0080 	 0.0933 	 0.0852
67 	 2 	 81.7671 	 32.1342 	 171.8903 	 1045.3039 	 1041.5646 	 0.0080 	 0.0954 	 0.0881
68 	 2 	 81.7659 	 32.1339 	 171.8930 	 1045.3080 	 1041.5619 	 0.0080 	 0.0953 	 0.0883
69 	 2 	 81.7669 	 32.1271 	 171.8966 	 1045.2950 	 1041.5586 	 0.0078 	 0.0919 	 0.0889
70 	 2 	 81.7676 	 32.1196 	 171.8995 	 1045.3083 	 1041.5421 	 0.0079 	 0.0943 	 0.0817
71 	 2 	 81.7677 	 32.1210 	 171.8998 	 1045.3048 	 1041.5099 	 0.0080 	 0.0953 	 0.0826
72 	 2 	 81.7658 	 32.1181 	 171.9049 	 1045.3082 	 1041.4632 	 0.0080 	 0.0945 	 0.0845
73 	 2 	 81.7649 	 32.1168 	 171.8976 	 1045.3085 	 1041.4684 	 0.0078 	 0.0919 	 0.0841
74 	 2 	 81.7674 	 32.1175 	 171.8923 	 1045.3059 	 1041.4024 	 0.0078 	 0.0930 	 0.0851
75 	 2 	 81.7669 	 32.1177 	 171.8945 	 1045.3011 	 1041.3840 	 0.0072 	 0.0941 	 0.0858
76 	 2 	 81.7666 	 32.1192 	 171.8910 	 1045.2979 	 1041.3250 	 0.0074 	 0.0973 	 0.0879
77 	 2 	 81.7665 	 32.1194 	 171.8911 	 1045.2969 	 1041.3191 	 0.0075 	 0.0978 	 0.0884
78 	 2 	 81.7665 	 32.1194 	 171.8911 	 1045.2969 	 1041.3191 	 0.0081 	 0.1029 	 0.0913
79 	 2 	 81.7665 	 32.1194 	 171.8911 	 1045.2969 	 1041.3191 	 0.0081 	 0.1029 	 0.0913
80 	 2 	 81.7665 	 32.1194 	 171.8911 	 1045.2969 	 1041.3191 	 0.0081 	 0.1029 	 0.0913
81 	 2 	 81.7665 	 32.1194 	 171.8911 	 1045.2969 	 1041.3191 	 0.0081 	 0.1029 	 0.0913
82 	 2 	 81.7665 	 32.1194 	 171.8911 	 1045.2969 	 1041.3191 	 0.0081 	 0.1029 	 0.0913
83 	 2 	 81.7665 	 32.1194 	 171.8911 	 1045.2969 	 1041.3191 	 0.0081 	 0.1029 	 0.0913
84 	 2 	 81.7665 	 32.1194 	 171.8911 	 1045.2969 	 1041.3191 	 0.0081 	 0.1029 	 0.0913
85 	 2 	 81.7665 	 32.1194 	 171.8911 	 1045.2969 	 1041.3191 	 0.0081 	 0.1029 	 0.0913
86 	 2 	 81.7665 	 32.1194 	 171.8911 	 1045.2969 	 1041.3191 	 0.0081 	 0.1029 	 0.0913
87 	 2 	 81.7665 	 32.1194 	 171.8911 	 1045.2969 	 1041.3191 	 0.0081 	 0.1029 	 0.0913
88 	 2 	 81.7665 	 32.1194 	 171.8911 	 1045.2969 	 1041.3191 	 0.0081 	 0.1029 	 0.0913
89 	 2 	 81.7665 	 32.1194 	 171.8911 	 1045.2969 	 1041.3191 	 0.0081 	 0.1029 	 0.0913
90 	 2 	 81.7665 	 32.1194 	 171.8911 	 1045.2969 	 1041.3191 	 0.0081 	 0.1029 	 0.0913
91 	 2 	 81.7665 	 32.1194 	 171.8911 	 1045.2969 	 1041.3191 	 0.0081 	 0.1029 	 0.0913
92 	 2 	 81.7665 	 32.1194 	 171.8911 	 1045.2969 	 1041.3191 	 0.0081 	 0.1029 	 0.0913
93 	 2 	 81.7665 	 32.1194 	 171.8911 	 1045.2969 	 1041.3191 	 0.0081 	 0.1029 	 0.0913
94 	 2 	 81.7665 	 32.1194 	 171.8911 	 1045.2969 	 1041.3191 	 0.0081 	 0.1029 	 0.0913
95 	 2 	 81.7665 	 32.1194 	 171.8911 	 1045.2969 	 1041.3191 	 0.0081 	 0.1029 	 0.0913
96 	 2 	 81.7665 	 32.1194 	 171.8911 	 1045.2969 	 1041.3191 	 0.0081 	 0.1029 	 0.0913
97 	 2 	 81.7665 	 32.1194 	 171.8911 	 1045.2969 	 1041.3191 	 0.0081 	 0.1029 	 0.0913
98 	 2 	 81.7665 	 32.1194 	 171.8911 	 1045.2969 	 1041.3191 	 0.0081 	 0.1029 	 0.0913
99 	 2 	 81.7665 	 32.1194 	 171.8911 	 1045.2969 	 1041.3191 	 0.0081 	 0.1029 	 0.0913
100 	 2 	 81.7665 	 32.1194 	 171.8911 	 1045.2969 	 1041.3191 	 0.0081 	 0.1029 	 0.0913
101 	 2 	 81.7665 	 32.1194 	 171.8911 	 1045.2969 	 1041.3191 	 0.0081 	 0.1029 	 0.0913
102 	 2 	 81.7665 	 32.1194 	 171.8911 	 1045.2969 	 1041.3191 	 0.0081 	 0.1029 	 0.0913
1 	 3 	 81.7419 	 31.9899 	 171.8195 	 1045.5221 	 1044.2788 	 0.0075 	 0.1960 	 0.1108
2 	 3 	 81.7419 	 31.9899 	 171.8195 	 1045.5221 	 1044.2788 	 0.0075 	 0.1960 	 0.1108
3 	 3 	 81.7419 	 31.9899 	 171.8195 	 1045.5221 	 1044.2788 	 0.0075 	 0.1960 	 0.1108
4 	 3 	 81.7419 	 31.9899 	 171.8195 	 1045.5221 	 1044.2788 	 0.0075 	 0.1960 	 0.1108
5 	 3 	 81.7419 	 31.9899 	 171.8195 	 1045.5221 	 1044.2788 	 0.0075 	 0.1960 	 0.1108
6 	 3 	 81.7419 	 31.9899 	 171.8195 	 1045.5221 	 1044.2788 	 0.0075 	 0.1960 	 0.1108
7 	 3 	 81.7419 	 31.9899 	 171.8195 	 1045.5221 	 1044.2788 	 0.0075 	 0.1960 	 0.1108
8 	 3 	 81.7419 	 31.9899 	 171.8195 	 1045.5221 	 1044.2788 	 0.0075 	 0.1960 	 0.1108
9 	 3 	 81.7419 	 31.9899 	 171.8195 	 1045.5221 	 1044.2788 	 0.0075 	 0.1960 	 0.1108
10 	 3 	 81.7419 	 31.9899 	 171.8195 	 1045.5221 	 1044.2788 	 0.0075 	 0.1960 	 0.1108
11 	 3 	 81.7419 	 31.9899 	 171.8195 	 1045.5221 	 1044.2788 	 0.0075 	 0.1960 	 0.1108
12 	 3 	 81.7419 	 31.9899 	 171.8195 	 1045.5221 	 1044.2788 	 0.0075 	 0.1960 	 0.1108
13 	 3 	 81.7419 	 31.9899 	 171.8195 	 1045.5221 	 1044.2788 	 0.0075 	 0.1960 	 0.1108
14 	 3 	 81.7419 	 31.9899 	 171.8195 	 1045.5221 	 1044.2788 	 0.0075 	 0.1960 	 0.1108
15 	 3 	 81.7419 	 31.9899 	 171.8195 	 1045.5221 	 1044.2788 	 0.0075 	 0.1960 	 0.1108
16 	 3 	 81.7419 	 31.9899 	 171.8195 	 1045.5221 	 1044.2788 	 0.0075 	 0.1960 	 0.1108
17 	 3 	 81.7419 	 31.9899 	 171.8195 	 1045.5221 	 1044.2788 	 0.0078 	 0.2064 	 0.1205
18 	 3 	 81.7410 	 31.9970 	 171.8240 	 1045.5248 	 1044.1121 	 0.0077 	 0.2028 	 0.1165
19 	 3 	 81.7411 	 32.0027 	 171.8329 	 1045.5374 	 1043.9664 	 0.0077 	 0.2075 	 0.1149
20 	 3 	 81.7427 	 32.0125 	 171.8367 	 1045.5511 	 1043.7199 	 0.0075 	 0.2023 	 0.1114
21 	 3 	 81.7418 	 32.0127 	 171.8411 	 1045.5331 	 1043.7315 	 0.0073 	 0.1968 	 0.1086
22 	 3 	 81.7414 	 32.0053 	 171.8377 	 1045.5256 	 1044.0002 	 0.0072 	 0.1959 	 0.1071
23 	 3 	 81.7380 	 32.0057 	 171.8388 	 1045.5114 	 1044.0297 	 0.0071 	 0.1916 	 0.1050
24 	 3 	 81.7427 	 32.0221 	 171.8386 	 1045.4913 	 1043.8446 	 0.0069 	 0.1863 	 0.1040
25 	 3 	 81.7363 	 32.0083 	 171.8456 	 1045.4646 	 1044.0251 	 0.0068 	 0.1816 	 0.1043
26 	 3 	 81.7430 	 32.0313 	 171.8434 	 1045.4799 	 1043.3378 	 0.0069 	 0.1920 	 0.1048
27 	 3 	 81.7408 	 32.0450 	 171.8335 	 1045.4588 	 1042.9256 	 0.0069 	 0.1866 	 0.0990
28 	 3 	 81.7453 	 32.0515 	 171.8296 	 1045.4427 	 1042.6799 	 0.0066 	 0.1793 	 0.0960
29 	 3 	 81.7463 	 32.0490 	 171.8260 	 1045.4514 	 1042.6952 	 0.0067 	 0.1782 	 0.0960
30 	 3 	 81.7476 	 32.0592 	 171.8347 	 1045.4409 	 1042.3588 	 0.0065 	 0.1732 	 0.0939
31 	 3 	 81.7472 	 32.0591 	 171.8363 	 1045.4356 	 1042.3389 	 0.0063 	 0.1691 	 0.0925
32 	 3 	 81.7478 	 32.0615 	 171.8359 	 1045.4412 	 1042.2417 	 0.0063 	 0.1654 	 0.0916
33 	 3 	 81.7515 	 32.0546 	 171.8434 	 1045.4357 	 1042.3237 	 0.0063 	 0.1631 	 0.0902
34 	 3 	 81.7530 	 32.0552 	 171.8376 	 1045.4463 	 1042.3760 	 0.0063 	 0.1627 	 0.0902
35 	 3 	 81.7560 	 32.0492 	 171.8365 	 1045.4214 	 1042.4280 	 0.0066 	 0.1682 	 0.0896
36 	 3 	 81.7577 	 32.0499 	 171.8371 	 1045.4263 	 1042.3953 	 0.0065 	 0.1665 	 0.0896
37 	 3 	 81.7636 	 32.0491 	 171.8301 	 1045.4203 	 1042.4015 	 0.0066 	 0.1669 	 0.0885
38 	 3 	 81.7579 	 32.0498 	 171.8354 	 1045.4620 	 1042.3293 	 0.0065 	 0.1718 	 0.0852
39 	 3 	 81.7559 	 32.0504 	 171.8453 	 1045.4455 	 1042.2811 	 0.0065 	 0.1679 	 0.0839
40 	 3 	 81.7512 	 32.0458 	 171.8507 	 1045.4669 	 1042.3836 	 0.0067 	 0.1709 	 0.0819
41 	 3 	 81.7501 	 32.0516 	 171.8540 	 1045.4089 	 1042.2950 	 0.0070 	 0.1773 	 0.0835
42 	 3 	 81.7543 	 32.0526 	 171.8412 	 1045.4088 	 1042.3618 	 0.0071 	 0.1806 	 0.0837
43 	 3 	 81.7546 	 32.0535 	 171.8337 	 1045.3836 	 1042.1676 	 0.0070 	 0.1790 	 0.0821
44 	 3 	 81.7569 	 32.0511 	 171.8343 	 1045.3844 	 1042.0925 	 0.0069 	 0.1764 	 0.0867
45 	 3 	 81.7562 	 32.0482 	 171.8293 	 1045.4332 	 1042.1110 	 0.0069 	 0.1780 	 0.0867
46 	 3 	 81.7566 	 32.0480 	 171.8264 	 1045.4255 	 1041.9884 	 0.0070 	 0.1753 	 0.0877
47 	 3 	 81.7581 	 32.0517 	 171.8266 	 1045.4251 	 1041.8197 	 0.0072 	 0.1800 	 0.0908
48 	 3 	 81.7613 	 32.0576 	 171.8295 	 1045.4503 	 1041.4351 	 0.0072 	 0.1865 	 0.0994
49 	 3 	 81.7674 	 32.0532 	 171.8439 	 1045.4117 	 1041.4792 	 0.0071 	 0.1814 	 0.1020
50 	 3 	 81.7666 	 32.0631 	 171.8368 	 1045.4194 	 1041.0628 	 0.0072 	 0.1828 	 0.1045
51 	 3 	 81.7684 	 32.0667 	 171.8369 	 1045.3935 	 1040.8932 	 0.0071 	 0.1846 	 0.1078
52 	 3 	 81.7663 	 32.0736 	 171.8355 	 1045.3477 	 1040.8112 	 0.0072 	 0.1837 	 0.1104
53 	 3 	 81.7687 	 32.0707 	 171.8372 	 1045.3363 	 1040.7748 	 0.0074 	 0.1887 	 0.1147
54 	 3 	 81.7693 	 32.0822 	 171.8254 	 1045.3350 	 1040.3327 	 0.0075 	 0.1919 	 0.1197
55 	 3 	 81.7735 	 32.0556 	 171.8442 	 1045.3952 	 1040.8807 	 0.0077 	 0.2082 	 0.1264
56 	 3 	 81.7794 	 32.0560 	 171.8546 	 1045.4100 	 1040.8074 	 0.0078 	 0.2096 	 0.1292
57 	 3 	 81.7816 	 32.0544 	 171.8539 	 1045.4255 	 1040.7400 	 0.0080 	 0.2151 	 0.1294
58 	 3 	 81.7846 	 32.0543 	 171.8575 	 1045.4197 	 1040.8433 	 0.0081 	 0.2162 	 0.1285
59 	 3 	 81.7856 	 32.0552 	 171.8587 	 1045.4372 	 1040.7911 	 0.0083 	 0.2209 	 0.1320
60 	 3 	 81.7890 	 32.0492 	 171.8763 	 1045.3506 	 1040.9312 	 0.0084 	 0.2238 	 0.1423
61 	 3 	 81.7895 	 32.0502 	 171.8759 	 1045.3969 	 1040.8781 	 0.0086 	 0.2265 	 0.1402
62 	 3 	 81.7913 	 32.0552 	 171.8721 	 1045.5526 	 1040.8011 	 0.0087 	 0.2258 	 0.1445
63 	 3 	 81.7876 	 32.0495 	 171.8701 	 1045.5355 	 1041.0077 	 0.0090 	 0.2339 	 0.1479
64 	 3 	 81.7892 	 32.0486 	 171.8722 	 1045.4773 	 1040.9517 	 0.0092 	 0.2403 	 0.1517
65 	 3 	 81.7841 	 32.0377 	 171.8797 	 1045.4444 	 1041.3106 	 0.0094 	 0.2465 	 0.1520
66 	 3 	 81.7892 	 32.0346 	 171.8915 	 1045.4614 	 1041.5275 	 0.0096 	 0.2507 	 0.1523
67 	 3 	 81.7911 	 32.0363 	 171.8946 	 1045.4788 	 1041.4557 	 0.0098 	 0.2578 	 0.1569
68 	 3 	 81.7896 	 32.0363 	 171.8989 	 1045.5004 	 1041.7061 	 0.0098 	 0.2543 	 0.1550
69 	 3 	 81.7901 	 32.0373 	 171.9009 	 1045.5089 	 1041.6667 	 0.0100 	 0.2591 	 0.1570
70 	 3 	 81.7901 	 32.0373 	 171.9009 	 1045.5089 	 1041.6667 	 0.0075 	 0.1960 	 0.1108
71 	 3 	 81.7901 	 32.0373 	 171.9009 	 1045.5089 	 1041.6667 	 0.0075 	 0.1960 	 0.1108
72 	 3 	 81.7901 	 32.0373 	 171.9009 	 1045.5089 	 1041.6667 	 0.0075 	 0.1960 	 0.1108
73 	 3 	 81.7901 	 32.0373 	 171.9009 	 1045.5089 	 1041.6667 	 0.0075 	 0.1960 	 0.1108
74 	 3 	 81.7901 	 32.0373 	 171.9009 	 1045.5089 	 1041.6667 	 0.0075 	 0.1960 	 0.1108
75 	 3 	 81.7901 	 32.0373 	 171.9009 	 1045.5089 	 1041.6667 	 0.0075 	 0.1960 	 0.1108
76 	 3 	 81.7901 	 32.0373 	 171.9009 	 1045.5089 	 1041.6667 	 0.0075 	 0.1960 	 0.1108
77 	 3 	 81.7901 	 32.0373 	 171.9009 	 1045.5089 	 1041.6667 	 0.0075 	 0.1960 	 0.1108
78 	 3 	 81.7901 	 32.0373 	 171.9009 	 1045.5089 	 1041.6667 	 0.0075 	 0.1960 	 0.1108
79 	 3 	 81.7901 	 32.0373 	 171.9009 	 1045.5089 	 1041.6667 	 0.0075 	 0.1960 	 0.1108
80 	 3 	 81.7901 	 32.0373 	 171.9009 	 1045.5089 	 1041.6667 	 0.0075 	 0.1960 	 0.1108
81 	 3 	 81.7901 	 32.0373 	 171.9009 	 1045.5089 	 1041.6667 	 0.0075 	 0.1960 	 0.1108
82 	 3 	 81.7901 	 32.0373 	 171.9009 	 1045.5089 	 1041.6667 	 0.0075 	 0.1960 	 0.1108
83 	 3 	 81.7901 	 32.0373 	 171.9009 	 1045.5089 	 1041.6667 	 0.0075 	 0.1960 	 0.1108
84 	 3 	 81.7901 	 32.0373 	 171.9009 	 1045.5089 	 1041.6667 	 0.0075 	 0.1960 	 0.1108
85 	 3 	 81.7901 	 32.0373 	 171.9009 	 1045.5089 	 1041.6667 	 0.0075 	 0.1960 	 0.1108
1 	 4 	 81.8594 	 32.0619 	 171.9172 	 1046.2763 	 1041.3845 	 0.0122 	 0.2689 	 0.2720
2 	 4 	 81.8594 	 32.0619 	 171.9172 	 1046.2763 	 1041.3845 	 0.0122 	 0.2689 	 0.2720
3 	 4 	 81.8594 	 32.0619 	 171.9172 	 1046.2763 	 1041.3845 	 0.0122 	 0.2689 	 0.2720
4 	 4 	 81.8594 	 32.0619 	 171.9172 	 1046.2763 	 1041.3845 	 0.0122 	 0.2689 	 0.2720
5 	 4 	 81.8594 	 32.0619 	 171.9172 	 1046.2763 	 1041.3845 	 0.0122 	 0.2689 	 0.2720
6 	 4 	 81.8594 	 32.0619 	 171.9172 	 1046.2763 	 1041.3845 	 0.0122 	 0.2689 	 0.2720
7 	 4 	 81.8594 	 32.0619 	 171.9172 	 1046.2763 	 1041.3845 	 0.0122 	 0.2689 	 0.2720
8 	 4 	 81.8594 	 32.0619 	 171.9172 	 1046.2763 	 1041.3845 	 0.0122 	 0.2689 	 0.2720
9 	 4 	 81.8594 	 32.0619 	 171.9172 	 1046.2763 	 1041.3845 	 0.0122 	 0.2689 	 0.2720
10 	 4 	 81.8594 	 32.0619 	 171.9172 	 1046.2763 	 1041.3845 	 0.0122 	 0.2689 	 0.2720
11 	 4 	 81.8594 	 32.0619 	 171.9172 	 1046.2763 	 1041.3845 	 0.0122 	 0.2689 	 0.2720
12 	 4 	 81.8594 	 32.0619 	 171.9172 	 1046.2763 	 1041.3845 	 0.0122 	 0.2689 	 0.2720
13 	 4 	 81.8594 	 32.0619 	 171.9172 	 1046.2763 	 1041.3845 	 0.0122 	 0.2689 	 0.2720
14 	 4 	 81.8594 	 32.0619 	 171.9172 	 1046.2763 	 1041.3845 	 0.0122 	 0.2689 	 0.2720
15 	 4 	 81.8594 	 32.0619 	 171.9172 	 1046.2763 	 1041.3845 	 0.0122 	 0.2689 	 0.2720
16 	 4 	 81.8594 	 32.0619 	 171.9172 	 1046.2763 	 1041.3845 	 0.0122 	 0.2689 	 0.2720
17 	 4 	 81.8594 	 32.0619 	 171.9172 	 1046.2763 	 1041.3845 	 0.0122 	 0.2689 	 0.2720
18 	 4 	 81.8594 	 32.0619 	 171.9172 	 1046.2763 	 1041.3845 	 0.0122 	 0.2689 	 0.2720
19 	 4 	 81.8594 	 32.0619 	 171.9172 	 1046.2763 	 1041.3845 	 0.0122 	 0.2689 	 0.2720
20 	 4 	 81.8594 	 32.0619 	 171.9172 	 1046.2763 	 1041.3845 	 0.0122 	 0.2689 	 0.2720
21 	 4 	 81.8594 	 32.0619 	 171.9172 	 1046.2763 	 1041.3845 	 0.0122 	 0.2689 	 0.2720
22 	 4 	 81.8594 	 32.0619 	 171.9172 	 1046.2763 	 1041.3845 	 0.0122 	 0.2689 	 0.2720
23 	 4 	 81.8594 	 32.0619 	 171.9172 	 1046.2763 	 1041.3845 	 0.0122 	 0.2689 	 0.2720
24 	 4 	 81.8594 	 32.0619 	 171.9172 	 1046.2763 	 1041.3845 	 0.0122 	 0.2689 	 0.2720
25 	 4 	 81.8594 	 32.0619 	 171.9172 	 1046.2763 	 1041.3845 	 0.0122 	 0.2689 	 0.2720
26 	 4 	 81.8594 	 32.0619 	 171.9172 	 1046.2763 	 1041.3845 	 0.0094 	 0.2050 	 0.2043
27 	 4 	 81.8496 	 32.0704 	 171.9150 	 1046.2476 	 1041.0453 	 0.0095 	 0.2035 	 0.2013
28 	 4 	 81.8544 	 32.0697 	 171.9138 	 1046.2221 	 1041.0170 	 0.0094 	 0.2041 	 0.2010
29 	 4 	 81.8587 	 32.0713 	 171.9041 	 1046.2687 	 1040.9324 	 0.0098 	 0.2134 	 0.2018
30 	 4 	 81.8828 	 32.0556 	 171.8991 	 1046.3209 	 1041.4032 	 0.0099 	 0.2083 	 0.2023
31 	 4 	 81.8978 	 32.0477 	 171.8967 	 1046.3424 	 1041.7055 	 0.0101 	 0.2053 	 0.2060
32 	 4 	 81.9002 	 32.0394 	 171.8985 	 1046.3288 	 1041.9050 	 0.0101 	 0.2147 	 0.2104
33 	 4 	 81.8994 	 32.0446 	 171.8862 	 1046.4034 	 1041.7539 	 0.0103 	 0.2071 	 0.2054
34 	 4 	 81.9085 	 32.0362 	 171.8868 	 1046.3752 	 1042.0206 	 0.0103 	 0.2069 	 0.2060
35 	 4 	 81.9147 	 32.0319 	 171.8860 	 1046.3786 	 1042.1922 	 0.0103 	 0.2086 	 0.2137
36 	 4 	 81.9133 	 32.0321 	 171.8853 	 1046.3821 	 1042.1554 	 0.0103 	 0.2090 	 0.2141
37 	 4 	 81.9155 	 32.0334 	 171.8835 	 1046.4095 	 1042.0975 	 0.0106 	 0.2118 	 0.2173
38 	 4 	 81.9173 	 32.0252 	 171.8880 	 1046.3806 	 1042.3719 	 0.0105 	 0.2247 	 0.2220
39 	 4 	 81.9232 	 32.0417 	 171.8722 	 1046.4627 	 1041.7400 	 0.0109 	 0.2228 	 0.2345
40 	 4 	 81.9264 	 32.0389 	 171.8733 	 1046.4625 	 1041.8591 	 0.0110 	 0.2256 	 0.2362
41 	 4 	 81.9276 	 32.0409 	 171.8698 	 1046.4463 	 1041.8426 	 0.0113 	 0.2322 	 0.2396
42 	 4 	 81.9288 	 32.0534 	 171.8648 	 1046.3796 	 1041.5181 	 0.0119 	 0.2381 	 0.2325
43 	 4 	 81.9411 	 32.0471 	 171.8638 	 1046.3448 	 1041.6986 	 0.0116 	 0.2380 	 0.2276
44 	 4 	 81.9352 	 32.0412 	 171.8689 	 1046.3479 	 1041.9336 	 0.0115 	 0.2385 	 0.2373
45 	 4 	 81.9509 	 32.0332 	 171.8660 	 1046.3575 	 1042.1853 	 0.0118 	 0.2460 	 0.2436
46 	 4 	 81.9486 	 32.0334 	 171.8700 	 1046.3125 	 1042.1809 	 0.0117 	 0.2478 	 0.2455
47 	 4 	 81.9547 	 32.0265 	 171.8737 	 1046.2946 	 1042.3984 	 0.0117 	 0.2499 	 0.2516
48 	 4 	 81.9597 	 32.0240 	 171.8739 	 1046.3007 	 1042.5105 	 0.0119 	 0.2556 	 0.2571
49 	 4 	 81.9610 	 32.0222 	 171.8712 	 1046.3050 	 1042.5099 	 0.0123 	 0.2622 	 0.2641
50 	 4 	 81.9499 	 32.0184 	 171.8780 	 1046.2748 	 1042.6348 	 0.0121 	 0.2621 	 0.2675
51 	 4 	 81.9470 	 32.0179 	 171.8828 	 1046.2418 	 1042.7052 	 0.0122 	 0.2629 	 0.2699
52 	 4 	 81.9444 	 32.0084 	 171.8878 	 1046.2187 	 1042.9709 	 0.0124 	 0.2802 	 0.2862
53 	 4 	 81.9539 	 32.0031 	 171.8891 	 1046.2577 	 1043.1866 	 0.0127 	 0.2871 	 0.2900
54 	 4 	 81.9632 	 31.9939 	 171.8875 	 1046.2438 	 1043.5125 	 0.0126 	 0.2835 	 0.2928
55 	 4 	 81.9900 	 31.9889 	 171.8984 	 1046.2053 	 1043.7631 	 0.0126 	 0.2843 	 0.2967
56 	 4 	 81.9873 	 31.9887 	 171.8958 	 1046.1869 	 1043.6905 	 0.0131 	 0.2959 	 0.3119
57 	 4 	 81.9867 	 31.9887 	 171.8941 	 1046.2333 	 1043.6400 	 0.0133 	 0.3012 	 0.3182
58 	 4 	 81.9943 	 31.9823 	 171.8885 	 1046.2184 	 1043.7171 	 0.0134 	 0.3058 	 0.3243
59 	 4 	 82.0353 	 31.9581 	 171.8857 	 1046.1777 	 1044.6674 	 0.0138 	 0.3345 	 0.3289
60 	 4 	 82.0175 	 31.9659 	 171.8917 	 1046.1301 	 1044.1669 	 0.0139 	 0.3367 	 0.3336
61 	 4 	 82.0427 	 31.9543 	 171.8869 	 1046.1356 	 1044.6056 	 0.0139 	 0.3398 	 0.3344
62 	 4 	 82.0514 	 31.9468 	 171.8879 	 1046.1329 	 1044.9191 	 0.0139 	 0.3386 	 0.3321
63 	 4 	 82.0347 	 31.9515 	 171.8899 	 1046.1080 	 1044.8262 	 0.0144 	 0.3566 	 0.3508
64 	 4 	 81.9928 	 31.9623 	 171.8837 	 1046.2551 	 1044.1346 	 0.0147 	 0.3580 	 0.3750
65 	 4 	 81.9836 	 31.9566 	 171.8868 	 1046.2076 	 1044.3313 	 0.0149 	 0.3577 	 0.3747
66 	 4 	 82.0052 	 31.9535 	 171.8793 	 1046.1617 	 1044.3135 	 0.0150 	 0.3681 	 0.3798
67 	 4 	 82.0411 	 31.9308 	 171.8688 	 1046.2075 	 1044.8253 	 0.0156 	 0.3659 	 0.3798
68 	 4 	 82.0179 	 31.9404 	 171.8817 	 1046.1647 	 1044.4050 	 0.0157 	 0.3618 	 0.3750
69 	 4 	 82.0077 	 31.9335 	 171.8697 	 1046.1800 	 1044.1188 	 0.0162 	 0.3725 	 0.3727
70 	 4 	 82.0077 	 31.9335 	 171.8697 	 1046.1800 	 1044.1188 	 0.0122 	 0.2689 	 0.2720
71 	 4 	 82.0077 	 31.9335 	 171.8697 	 1046.1800 	 1044.1188 	 0.0122 	 0.2689 	 0.2720
72 	 4 	 82.0077 	 31.9335 	 171.8697 	 1046.1800 	 1044.1188 	 0.0122 	 0.2689 	 0.2720
73 	 4 	 82.0077 	 31.9335 	 171.8697 	 1046.1800 	 1044.1188 	 0.0122 	 0.2689 	 0.2720
74 	 4 	 82.0077 	 31.9335 	 171.8697 	 1046.1800 	 1044.1188 	 0.0122 	 0.2689 	 0.2720
75 	 4 	 82.0077 	 31.9335 	 171.8697 	 1046.1800 	 1044.1188 	 0.0122 	 0.2689 	 0.2720
76 	 4 	 82.0077 	 31.9335 	 171.8697 	 1046.1800 	 1044.1188 	 0.0122 	 0.2689 	 0.2720
77 	 4 	 82.0077 	 31.9335 	 171.8697 	 1046.1800 	 1044.1188 	 0.0122 	 0.2689 	 0.2720
78 	 4 	 82.0077 	 31.9335 	 171.8697 	 1046.1800 	 1044.1188 	 0.0122 	 0.2689 	 0.2720
79 	 4 	 82.0077 	 31.9335 	 171.8697 	 1046.1800 	 1044.1188 	 0.0122 	 0.2689 	 0.2720
80 	 4 	 82.0077 	 31.9335 	 171.8697 	 1046.1800 	 1044.1188 	 0.0122 	 0.2689 	 0.2720
81 	 4 	 82.0077 	 31.9335 	 171.8697 	 1046.1800 	 1044.1188 	 0.0122 	 0.2689 	 0.2720
82 	 4 	 82.0077 	 31.9335 	 171.8697 	 1046.1800 	 1044.1188 	 0.0122 	 0.2689 	 0.2720
83 	 4 	 82.0077 	 31.9335 	 171.8697 	 1046.1800 	 1044.1188 	 0.0122 	 0.2689 	 0.2720
84 	 4 	 82.0077 	 31.9335 	 171.8697 	 1046.1800 	 1044.1188 	 0.0122 	 0.2689 	 0.2720
85 	 4 	 82.0077 	 31.9335 	 171.8697 	 1046.1800 	 1044.1188 	 0.0122 	 0.2689 	 0.2720
86 	 4 	 82.0077 	 31.9335 	 171.8697 	 1046.1800 	 1044.1188 	 0.0122 	 0.2689 	 0.2720
87 	 4 	 82.0077 	 31.9335 	 171.8697 	 1046.1800 	 1044.1188 	 0.0122 	 0.2689 	 0.2720
88 	 4 	 82.0077 	 31.9335 	 171.8697 	 1046.1800 	 1044.1188 	 0.0122 	 0.2689 	 0.2720
89 	 4 	 82.0077 	 31.9335 	 171.8697 	 1046.1800 	 1044.1188 	 0.0122 	 0.2689 	 0.2720
90 	 4 	 82.0077 	 31.9335 	 171.8697 	 1046.1800 	 1044.1188 	 0.0122 	 0.2689 	 0.2720
91 	 4 	 82.0077 	 31.9335 	 171.8697 	 1046.1800 	 1044.1188 	 0.0122 	 0.2689 	 0.2720
92 	 4 	 82.0077 	 31.9335 	 171.8697 	 1046.1800 	 1044.1188 	 0.0122 	 0.2689 	 0.2720
93 	 4 	 82.0077 	 31.9335 	 171.8697 	 1046.1800 	 1044.1188 	 0.0122 	 0.2689 	 0.2720
94 	 4 	 82.0077 	 31.9335 	 171.8697 	 1046.1800 	 1044.1188 	 0.0122 	 0.2689 	 0.2720
1 	 5 	 81.8585 	 31.9533 	 171.8035 	 1046.5825 	 1042.3734 	 0.0084 	 0.1987 	 0.1202
2 	 5 	 81.8585 	 31.9533 	 171.8035 	 1046.5825 	 1042.3734 	 0.0084 	 0.1987 	 0.1202
3 	 5 	 81.8585 	 31.9533 	 171.8035 	 1046.5825 	 1042.3734 	 0.0084 	 0.1987 	 0.1202
4 	 5 	 81.8585 	 31.9533 	 171.8035 	 1046.5825 	 1042.3734 	 0.0084 	 0.1987 	 0.1202
5 	 5 	 81.8585 	 31.9533 	 171.8035 	 1046.5825 	 1042.3734 	 0.0084 	 0.1987 	 0.1202
6 	 5 	 81.8585 	 31.9533 	 171.8035 	 1046.5825 	 1042.3734 	 0.0084 	 0.1987 	 0.1202
7 	 5 	 81.8585 	 31.9533 	 171.8035 	 1046.5825 	 1042.3734 	 0.0084 	 0.1987 	 0.1202
8 	 5 	 81.8585 	 31.9533 	 171.8035 	 1046.5825 	 1042.3734 	 0.0084 	 0.1987 	 0.1202
9 	 5 	 81.8585 	 31.9533 	 171.8035 	 1046.5825 	 1042.3734 	 0.0084 	 0.1987 	 0.1202
10 	 5 	 81.8585 	 31.9533 	 171.8035 	 1046.5825 	 1042.3734 	 0.0084 	 0.1987 	 0.1202
11 	 5 	 81.8585 	 31.9533 	 171.8035 	 1046.5825 	 1042.3734 	 0.0084 	 0.1987 	 0.1202
12 	 5 	 81.8585 	 31.9533 	 171.8035 	 1046.5825 	 1042.3734 	 0.0084 	 0.1987 	 0.1202
13 	 5 	 81.8585 	 31.9533 	 171.8035 	 1046.5825 	 1042.3734 	 0.0084 	 0.1987 	 0.1202
14 	 5 	 81.8585 	 31.9533 	 171.8035 	 1046.5825 	 1042.3734 	 0.0084 	 0.1987 	 0.1202
15 	 5 	 81.8585 	 31.9533 	 171.8035 	 1046.5825 	 1042.3734 	 0.0084 	 0.1987 	 0.1202
16 	 5 	 81.8585 	 31.9533 	 171.8035 	 1046.5825 	 1042.3734 	 0.0084 	 0.1987 	 0.1202
17 	 5 	 81.8585 	 31.9533 	 171.8035 	 1046.5825 	 1042.3734 	 0.0084 	 0.1987 	 0.1202
18 	 5 	 81.8585 	 31.9533 	 171.8035 	 1046.5825 	 1042.3734 	 0.0084 	 0.1987 	 0.1202
19 	 5 	 81.8585 	 31.9533 	 171.8035 	 1046.5825 	 1042.3734 	 0.0084 	 0.1987 	 0.1202
20 	 5 	 81.8585 	 31.9533 	 171.8035 	 1046.5825 	 1042.3734 	 0.0084 	 0.1987 	 0.1202
21 	 5 	 81.8585 	 31.9533 	 171.8035 	 1046.5825 	 1042.3734 	 0.0084 	 0.1987 	 0.1202
22 	 5 	 81.8585 	 31.9533 	 171.8035 	 1046.5825 	 1042.3734 	 0.0094 	 0.2137 	 0.1410
23 	 5 	 81.8607 	 31.9465 	 171.8019 	 1046.5916 	 1042.3678 	 0.0092 	 0.2110 	 0.1382
24 	 5 	 81.8669 	 31.9526 	 171.7937 	 1046.5955 	 1042.4782 	 0.0092 	 0.2110 	 0.1401
25 	 5 	 81.8705 	 31.9580 	 171.7889 	 1046.6028 	 1042.6502 	 0.0092 	 0.2102 	 0.1375
26 	 5 	 81.8680 	 31.9542 	 171.7814 	 1046.6077 	 1042.6919 	 0.0089 	 0.2047 	 0.1350
27 	 5 	 81.8628 	 31.9472 	 171.7729 	 1046.6335 	 1042.9445 	 0.0090 	 0.2056 	 0.1315
28 	 5 	 81.8560 	 31.9398 	 171.7781 	 1046.6458 	 1042.8369 	 0.0091 	 0.2066 	 0.1262
29 	 5 	 81.8492 	 31.9482 	 171.7893 	 1046.6380 	 1042.6184 	 0.0094 	 0.2102 	 0.1296
30 	 5 	 81.8425 	 31.9400 	 171.7938 	 1046.6499 	 1042.5938 	 0.0094 	 0.2118 	 0.1285
31 	 5 	 81.8408 	 31.9435 	 171.7955 	 1046.6510 	 1042.5539 	 0.0093 	 0.2100 	 0.1289
32 	 5 	 81.8450 	 31.9454 	 171.7938 	 1046.6532 	 1042.5727 	 0.0093 	 0.2113 	 0.1303
33 	 5 	 81.8441 	 31.9483 	 171.7980 	 1046.6709 	 1042.4765 	 0.0094 	 0.2156 	 0.1278
34 	 5 	 81.8308 	 31.9494 	 171.7988 	 1046.7026 	 1042.4518 	 0.0090 	 0.2078 	 0.1226
35 	 5 	 81.8130 	 31.9574 	 171.7982 	 1046.7166 	 1042.3112 	 0.0089 	 0.2046 	 0.1234
36 	 5 	 81.8135 	 31.9654 	 171.7888 	 1046.7005 	 1042.3686 	 0.0087 	 0.1976 	 0.1189
37 	 5 	 81.8166 	 31.9608 	 171.7808 	 1046.7168 	 1042.4151 	 0.0084 	 0.1946 	 0.1158
38 	 5 	 81.8161 	 31.9612 	 171.7831 	 1046.7178 	 1042.3698 	 0.0083 	 0.1931 	 0.1150
39 	 5 	 81.8129 	 31.9636 	 171.7784 	 1046.7147 	 1042.2911 	 0.0082 	 0.1914 	 0.1115
40 	 5 	 81.8038 	 31.9594 	 171.7893 	 1046.7163 	 1042.1387 	 0.0082 	 0.1897 	 0.1089
41 	 5 	 81.8010 	 31.9571 	 171.7880 	 1046.7310 	 1042.0719 	 0.0081 	 0.1893 	 0.1043
42 	 5 	 81.7999 	 31.9536 	 171.7862 	 1046.7272 	 1042.1103 	 0.0080 	 0.1879 	 0.1033
43 	 5 	 81.8046 	 31.9516 	 171.7810 	 1046.7262 	 1042.1305 	 0.0081 	 0.1894 	 0.1032
44 	 5 	 81.8048 	 31.9564 	 171.7802 	 1046.7208 	 1042.1329 	 0.0080 	 0.1906 	 0.1038
45 	 5 	 81.7929 	 31.9354 	 171.7855 	 1046.7407 	 1041.9353 	 0.0081 	 0.1960 	 0.1151
46 	 5 	 81.7912 	 31.9445 	 171.7854 	 1046.7322 	 1041.8841 	 0.0081 	 0.1944 	 0.1132
47 	 5 	 81.7934 	 31.9458 	 171.7798 	 1046.7319 	 1041.9946 	 0.0081 	 0.1964 	 0.1123
48 	 5 	 81.7970 	 31.9544 	 171.7728 	 1046.7511 	 1042.0528 	 0.0080 	 0.1978 	 0.1126
49 	 5 	 81.8007 	 31.9595 	 171.7682 	 1046.7636 	 1042.1632 	 0.0080 	 0.2008 	 0.1147
50 	 5 	 81.8035 	 31.9624 	 171.7651 	 1046.7409 	 1042.2142 	 0.0080 	 0.2014 	 0.1152
51 	 5 	 81.8023 	 31.9659 	 171.7625 	 1046.7423 	 1042.2705 	 0.0080 	 0.2010 	 0.1157
52 	 5 	 81.8023 	 31.9659 	 171.7625 	 1046.7423 	 1042.2705 	 0.0080 	 0.2010 	 0.1157
53 	 5 	 81.8008 	 31.9648 	 171.7621 	 1046.7363 	 1042.2861 	 0.0081 	 0.2018 	 0.1172
54 	 5 	 81.7994 	 31.9682 	 171.7641 	 1046.7271 	 1042.2468 	 0.0080 	 0.1984 	 0.1205
55 	 5 	 81.8023 	 31.9747 	 171.7723 	 1046.7183 	 1042.1552 	 0.0080 	 0.2015 	 0.1246
56 	 5 	 81.8059 	 31.9829 	 171.7649 	 1046.7028 	 1041.9818 	 0.0079 	 0.1991 	 0.1204
57 	 5 	 81.7936 	 31.9861 	 171.7620 	 1046.7243 	 1041.7828 	 0.0079 	 0.1878 	 0.1187
58 	 5 	 81.7919 	 31.9905 	 171.7624 	 1046.7180 	 1041.8431 	 0.0080 	 0.1901 	 0.1190
59 	 5 	 81.7788 	 31.9599 	 171.7727 	 1046.6547 	 1041.2478 	 0.0078 	 0.1790 	 0.1206
60 	 5 	 81.7940 	 31.9641 	 171.7609 	 1046.6605 	 1041.4135 	 0.0077 	 0.1792 	 0.1160
61 	 5 	 81.7944 	 31.9654 	 171.7632 	 1046.6657 	 1041.4031 	 0.0077 	 0.1813 	 0.1162
62 	 5 	 81.7935 	 31.9646 	 171.7619 	 1046.6674 	 1041.3579 	 0.0078 	 0.1828 	 0.1168
63 	 5 	 81.7935 	 31.9646 	 171.7619 	 1046.6674 	 1041.3579 	 0.0084 	 0.1987 	 0.1202
64 	 5 	 81.7935 	 31.9646 	 171.7619 	 1046.6674 	 1041.3579 	 0.0084 	 0.1987 	 0.1202
65 	 5 	 81.7935 	 31.9646 	 171.7619 	 1046.6674 	 1041.3579 	 0.0084 	 0.1987 	 0.1202
66 	 5 	 81.7935 	 31.9646 	 171.7619 	 1046.6674 	 1041.3579 	 0.0084 	 0.1987 	 0.1202
67 	 5 	 81.7935 	 31.9646 	 171.7619 	 1046.6674 	 1041.3579 	 0.0084 	 0.1987 	 0.1202
68 	 5 	 81.7935 	 31.9646 	 171.7619 	 1046.6674 	 1041.3579 	 0.0084 	 0.1987 	 0.1202
69 	 5 	 81.7935 	 31.9646 	 171.7619 	 1046.6674 	 1041.3579 	 0.0084 	 0.1987 	 0.1202
70 	 5 	 81.7935 	 31.9646 	 171.7619 	 1046.6674 	 1041.3579 	 0.0084 	 0.1987 	 0.1202
71 	 5 	 81.7935 	 31.9646 	 171.7619 	 1046.6674 	 1041.3579 	 0.0084 	 0.1987 	 0.1202
72 	 5 	 81.7935 	 31.9646 	 171.7619 	 1046.6674 	 1041.3579 	 0.0084 	 0.1987 	 0.1202
73 	 5 	 81.7935 	 31.9646 	 171.7619 	 1046.6674 	 1041.3579 	 0.0084 	 0.1987 	 0.1202
74 	 5 	 81.7935 	 31.9646 	 171.7619 	 1046.6674 	 1041.3579 	 0.0084 	 0.1987 	 0.1202
75 	 5 	 81.7935 	 31.9646 	 171.7619 	 1046.6674 	 1041.3579 	 0.0084 	 0.1987 	 0.1202
76 	 5 	 81.7935 	 31.9646 	 171.7619 	 1046.6674 	 1041.3579 	 0.0084 	 0.1987 	 0.1202
77 	 5 	 81.7935 	 31.9646 	 171.7619 	 1046.6674 	 1041.3579 	 0.0084 	 0.1987 	 0.1202
78 	 5 	 81.7935 	 31.9646 	 171.7619 	 1046.6674 	 1041.3579 	 0.0084 	 0.1987 	 0.1202
79 	 5 	 81.7935 	 31.9646 	 171.7619 	 1046.6674 	 1041.3579 	 0.0084 	 0.1987 	 0.1202
80 	 5 	 81.7935 	 31.9646 	 171.7619 	 1046.6674 	 1041.3579 	 0.0084 	 0.1987 	 0.1202
81 	 5 	 81.7935 	 31.9646 	 171.7619 	 1046.6674 	 1041.3579 	 0.0084 	 0.1987 	 0.1202
82 	 5 	 81.7935 	 31.9646 	 171.7619 	 1046.6674 	 1041.3579 	 0.0084 	 0.1987 	 0.1202
83 	 5 	 81.7935 	 31.9646 	 171.7619 	 1046.6674 	 1041.3579 	 0.0084 	 0.1987 	 0.1202
1 	 6 	 81.6153 	 32.2603 	 171.8671 	 1044.9814 	 1041.8256 	 0.0111 	 0.2448 	 0.1689
2 	 6 	 81.6153 	 32.2603 	 171.8671 	 1044.9814 	 1041.8256 	 0.0111 	 0.2448 	 0.1689
3 	 6 	 81.6153 	 32.2603 	 171.8671 	 1044.9814 	 1041.8256 	 0.0111 	 0.2448 	 0.1689
4 	 6 	 81.6153 	 32.2603 	 171.8671 	 1044.9814 	 1041.8256 	 0.0111 	 0.2448 	 0.1689
5 	 6 	 81.6153 	 32.2603 	 171.8671 	 1044.9814 	 1041.8256 	 0.0111 	 0.2448 	 0.1689
6 	 6 	 81.6153 	 32.2603 	 171.8671 	 1044.9814 	 1041.8256 	 0.0111 	 0.2448 	 0.1689
7 	 6 	 81.6153 	 32.2603 	 171.8671 	 1044.9814 	 1041.8256 	 0.0111 	 0.2448 	 0.1689
8 	 6 	 81.6153 	 32.2603 	 171.8671 	 1044.9814 	 1041.8256 	 0.0111 	 0.2448 	 0.1689
9 	 6 	 81.6153 	 32.2603 	 171.8671 	 1044.9814 	 1041.8256 	 0.0111 	 0.2448 	 0.1689
10 	 6 	 81.6153 	 32.2603 	 171.8671 	 1044.9814 	 1041.8256 	 0.0111 	 0.2448 	 0.1689
11 	 6 	 81.6153 	 32.2603 	 171.8671 	 1044.9814 	 1041.8256 	 0.0111 	 0.2448 	 0.1689
12 	 6 	 81.6153 	 32.2603 	 171.8671 	 1044.9814 	 1041.8256 	 0.0111 	 0.2448 	 0.1689
13 	 6 	 81.6153 	 32.2603 	 171.8671 	 1044.9814 	 1041.8256 	 0.0111 	 0.2448 	 0.1689
14 	 6 	 81.6153 	 32.2603 	 171.8671 	 1044.9814 	 1041.8256 	 0.0111 	 0.2448 	 0.1689
15 	 6 	 81.6153 	 32.2603 	 171.8671 	 1044.9814 	 1041.8256 	 0.0111 	 0.2448 	 0.1689
16 	 6 	 81.6153 	 32.2603 	 171.8671 	 1044.9814 	 1041.8256 	 0.0111 	 0.2448 	 0.1689
17 	 6 	 81.6153 	 32.2603 	 171.8671 	 1044.9814 	 1041.8256 	 0.0111 	 0.2448 	 0.1689
18 	 6 	 81.6153 	 32.2603 	 171.8671 	 1044.9814 	 1041.8256 	 0.0111 	 0.2448 	 0.1689
19 	 6 	 81.6153 	 32.2603 	 171.8671 	 1044.9814 	 1041.8256 	 0.0111 	 0.2448 	 0.1689
20 	 6 	 81.6153 	 32.2603 	 171.8671 	 1044.9814 	 1041.8256 	 0.0111 	 0.2448 	 0.1689
21 	 6 	 81.6153 	 32.2603 	 171.8671 	 1044.9814 	 1041.8256 	 0.0116 	 0.2544 	 0.1936
22 	 6 	 81.6154 	 32.2594 	 171.8675 	 1044.9829 	 1041.8300 	 0.0115 	 0.2519 	 0.1919
23 	 6 	 81.6189 	 32.2540 	 171.8686 	 1044.9576 	 1041.8126 	 0.0110 	 0.2381 	 0.1805
24 	 6 	 81.6295 	 32.2687 	 171.8720 	 1044.9503 	 1041.3818 	 0.0108 	 0.2362 	 0.1807
25 	 6 	 81.6305 	 32.2698 	 171.8875 	 1044.9319 	 1041.2397 	 0.0109 	 0.2408 	 0.1783
26 	 6 	 81.6397 	 32.2548 	 171.9059 	 1044.8562 	 1041.0684 	 0.0109 	 0.2428 	 0.1414
27 	 6 	 81.6242 	 32.2491 	 171.9073 	 1044.8635 	 1041.2000 	 0.0111 	 0.2475 	 0.1425
28 	 6 	 81.6309 	 32.2430 	 171.9045 	 1044.8587 	 1041.3365 	 0.0111 	 0.2464 	 0.1420
29 	 6 	 81.6309 	 32.2430 	 171.9045 	 1044.8587 	 1041.3365 	 0.0111 	 0.2448 	 0.1689
30 	 6 	 81.6309 	 32.2430 	 171.9045 	 1044.8587 	 1041.3365 	 0.0111 	 0.2448 	 0.1689
31 	 6 	 81.6309 	 32.2430 	 171.9045 	 1044.8587 	 1041.3365 	 0.0111 	 0.2448 	 0.1689
32 	 6 	 81.6309 	 32.2430 	 171.9045 	 1044.8587 	 1041.3365 	 0.0111 	 0.2448 	 0.1689
33 	 6 	 81.6309 	 32.2430 	 171.9045 	 1044.8587 	 1041.3365 	 0.0111 	 0.2448 	 0.1689
34 	 6 	 81.6309 	 32.2430 	 171.9045 	 1044.8587 	 1041.3365 	 0.0111 	 0.2448 	 0.1689
35 	 6 	 81.6309 	 32.2430 	 171.9045 	 1044.8587 	 1041.3365 	 0.0111 	 0.2448 	 0.1689
36 	 6 	 81.6309 	 32.2430 	 171.9045 	 1044.8587 	 1041.3365 	 0.0111 	 0.2448 	 0.1689
37 	 6 	 81.6309 	 32.2430 	 171.9045 	 1044.8587 	 1041.3365 	 0.0111 	 0.2448 	 0.1689
38 	 6 	 81.6309 	 32.2430 	 171.9045 	 1044.8587 	 1041.3365 	 0.0111 	 0.2448 	 0.1689
39 	 6 	 81.6309 	 32.2430 	 171.9045 	 1044.8587 	 1041.3365 	 0.0111 	 0.2448 	 0.1689
40 	 6 	 81.6309 	 32.2430 	 171.9045 	 1044.8587 	 1041.3365 	 0.0111 	 0.2448 	 0.1689
41 	 6 	 81.6309 	 32.2430 	 171.9045 	 1044.8587 	 1041.3365 	 0.0111 	 0.2448 	 0.1689
42 	 6 	 81.6309 	 32.2430 	 171.9045 	 1044.8587 	 1041.3365 	 0.0111 	 0.2448 	 0.1689
43 	 6 	 81.6309 	 32.2430 	 171.9045 	 1044.8587 	 1041.3365 	 0.0111 	 0.2448 	 0.1689
44 	 6 	 81.6309 	 32.2430 	 171.9045 	 1044.8587 	 1041.3365 	 0.0111 	 0.2448 	 0.1689
45 	 6 	 81.6309 	 32.2430 	 171.9045 	 1044.8587 	 1041.3365 	 0.0111 	 0.2448 	 0.1689
46 	 6 	 81.6309 	 32.2430 	 171.9045 	 1044.8587 	 1041.3365 	 0.0111 	 0.2448 	 0.1689
47 	 6 	 81.6309 	 32.2430 	 171.9045 	 1044.8587 	 1041.3365 	 0.0111 	 0.2448 	 0.1689
48 	 6 	 81.6309 	 32.2430 	 171.9045 	 1044.8587 	 1041.3365 	 0.0111 	 0.2448 	 0.1689
1 	 8 	 81.7512 	 32.0935 	 171.9208 	 1044.1870 	 1039.3368 	 0.0110 	 0.2324 	 0.1733
2 	 8 	 81.7512 	 32.0935 	 171.9208 	 1044.1870 	 1039.3368 	 0.0110 	 0.2324 	 0.1733
3 	 8 	 81.7512 	 32.0935 	 171.9208 	 1044.1870 	 1039.3368 	 0.0110 	 0.2324 	 0.1733
4 	 8 	 81.7512 	 32.0935 	 171.9208 	 1044.1870 	 1039.3368 	 0.0110 	 0.2324 	 0.1733
5 	 8 	 81.7512 	 32.0935 	 171.9208 	 1044.1870 	 1039.3368 	 0.0110 	 0.2324 	 0.1733
6 	 8 	 81.7512 	 32.0935 	 171.9208 	 1044.1870 	 1039.3368 	 0.0110 	 0.2324 	 0.1733
7 	 8 	 81.7512 	 32.0935 	 171.9208 	 1044.1870 	 1039.3368 	 0.0110 	 0.2324 	 0.1733
8 	 8 	 81.7512 	 32.0935 	 171.9208 	 1044.1870 	 1039.3368 	 0.0110 	 0.2324 	 0.1733
9 	 8 	 81.7512 	 32.0935 	 171.9208 	 1044.1870 	 1039.3368 	 0.0110 	 0.2324 	 0.1733
10 	 8 	 81.7512 	 32.0935 	 171.9208 	 1044.1870 	 1039.3368 	 0.0110 	 0.2324 	 0.1733
11 	 8 	 81.7512 	 32.0935 	 171.9208 	 1044.1870 	 1039.3368 	 0.0110 	 0.2324 	 0.1733
12 	 8 	 81.7512 	 32.0935 	 171.9208 	 1044.1870 	 1039.3368 	 0.0110 	 0.2324 	 0.1733
13 	 8 	 81.7512 	 32.0935 	 171.9208 	 1044.1870 	 1039.3368 	 0.0110 	 0.2324 	 0.1733
14 	 8 	 81.7512 	 32.0935 	 171.9208 	 1044.1870 	 1039.3368 	 0.0110 	 0.2324 	 0.1733
15 	 8 	 81.7512 	 32.0935 	 171.9208 	 1044.1870 	 1039.3368 	 0.0110 	 0.2324 	 0.1733
16 	 8 	 81.7512 	 32.0935 	 171.9208 	 1044.1870 	 1039.3368 	 0.0110 	 0.2324 	 0.1733
17 	 8 	 81.7512 	 32.0935 	 171.9208 	 1044.1870 	 1039.3368 	 0.0110 	 0.2324 	 0.1733
18 	 8 	 81.7512 	 32.0935 	 171.9208 	 1044.1870 	 1039.3368 	 0.0110 	 0.2324 	 0.1733
19 	 8 	 81.7512 	 32.0935 	 171.9208 	 1044.1870 	 1039.3368 	 0.0110 	 0.2324 	 0.1733
20 	 8 	 81.7512 	 32.0935 	 171.9208 	 1044.1870 	 1039.3368 	 0.0110 	 0.2324 	 0.1733
21 	 8 	 81.7512 	 32.0935 	 171.9208 	 1044.1870 	 1039.3368 	 0.0110 	 0.2324 	 0.1733
22 	 8 	 81.7512 	 32.0935 	 171.9208 	 1044.1870 	 1039.3368 	 0.0110 	 0.2324 	 0.1733
23 	 8 	 81.7512 	 32.0935 	 171.9208 	 1044.1870 	 1039.3368 	 0.0110 	 0.2324 	 0.1733
24 	 8 	 81.7512 	 32.0935 	 171.9208 	 1044.1870 	 1039.3368 	 0.0110 	 0.2324 	 0.1733
25 	 8 	 81.7512 	 32.0935 	 171.9208 	 1044.1870 	 1039.3368 	 0.0110 	 0.2324 	 0.1733
26 	 8 	 81.7512 	 32.0935 	 171.9208 	 1044.1870 	 1039.3368 	 0.0110 	 0.2324 	 0.1733
27 	 8 	 81.7512 	 32.0935 	 171.9208 	 1044.1870 	 1039.3368 	 0.0110 	 0.2324 	 0.1733
28 	 8 	 81.7512 	 32.0935 	 171.9208 	 1044.1870 	 1039.3368 	 0.0110 	 0.2324 	 0.1733
29 	 8 	 81.7512 	 32.0935 	 171.9208 	 1044.1870 	 1039.3368 	 0.0093 	 0.2029 	 0.1447
30 	 8 	 81.7502 	 32.0943 	 171.9236 	 1044.1773 	 1039.3480 	 0.0093 	 0.2005 	 0.1426
31 	 8 	 81.7505 	 32.0929 	 171.9270 	 1044.1646 	 1039.3581 	 0.0093 	 0.1995 	 0.1440
32 	 8 	 81.7544 	 32.0793 	 171.9245 	 1044.1708 	 1039.0317 	 0.0095 	 0.2024 	 0.1454
33 	 8 	 81.7631 	 32.0772 	 171.9178 	 1044.1294 	 1039.0692 	 0.0096 	 0.2020 	 0.1569
34 	 8 	 81.7600 	 32.0735 	 171.9252 	 1044.1138 	 1039.1829 	 0.0097 	 0.2012 	 0.1590
35 	 8 	 81.7596 	 32.0721 	 171.9265 	 1044.1071 	 1039.1299 	 0.0098 	 0.2038 	 0.1617
36 	 8 	 81.7636 	 32.0672 	 171.9262 	 1044.1715 	 1038.9453 	 0.0099 	 0.2077 	 0.1618
37 	 8 	 81.7684 	 32.0532 	 171.9213 	 1044.1477 	 1038.6087 	 0.0100 	 0.2045 	 0.1608
38 	 8 	 81.7744 	 32.0540 	 171.9201 	 1044.1161 	 1038.7598 	 0.0100 	 0.2042 	 0.1627
39 	 8 	 81.7744 	 32.0540 	 171.9201 	 1044.1161 	 1038.7598 	 0.0100 	 0.2042 	 0.1627
40 	 8 	 81.7732 	 32.0514 	 171.9209 	 1044.1073 	 1038.8017 	 0.0099 	 0.2021 	 0.1611
41 	 8 	 81.7759 	 32.0449 	 171.9196 	 1044.0999 	 1038.6273 	 0.0100 	 0.2022 	 0.1631
42 	 8 	 81.7753 	 32.0433 	 171.9202 	 1044.1115 	 1038.5793 	 0.0100 	 0.2040 	 0.1641
43 	 8 	 81.7783 	 32.0385 	 171.9175 	 1044.0721 	 1038.4824 	 0.0102 	 0.2070 	 0.1642
44 	 8 	 81.7929 	 32.0311 	 171.9081 	 1044.0294 	 1038.3826 	 0.0103 	 0.2073 	 0.1666
45 	 8 	 81.8044 	 32.0211 	 171.8961 	 1044.0577 	 1038.0986 	 0.0104 	 0.2118 	 0.1663
46 	 8 	 81.8105 	 32.0186 	 171.8940 	 1044.0383 	 1038.0491 	 0.0105 	 0.2139 	 0.1715
47 	 8 	 81.8105 	 32.0030 	 171.8941 	 1044.0270 	 1037.5951 	 0.0107 	 0.2199 	 0.1708
48 	 8 	 81.8105 	 32.0030 	 171.8941 	 1044.0270 	 1037.5951 	 0.0107 	 0.2199 	 0.1708
49 	 8 	 81.8219 	 31.9967 	 171.8837 	 1044.0387 	 1037.3219 	 0.0107 	 0.2194 	 0.1706
50 	 8 	 81.8196 	 31.9933 	 171.8844 	 1044.0161 	 1037.3184 	 0.0109 	 0.2236 	 0.1731
51 	 8 	 81.8215 	 31.9742 	 171.8804 	 1044.0303 	 1036.9559 	 0.0110 	 0.2279 	 0.1737
52 	 8 	 81.8285 	 31.9729 	 171.8725 	 1044.0501 	 1037.0063 	 0.0111 	 0.2301 	 0.1758
53 	 8 	 81.8281 	 31.9696 	 171.8696 	 1044.0315 	 1037.0418 	 0.0111 	 0.2361 	 0.1740
54 	 8 	 81.8292 	 31.9620 	 171.8654 	 1044.0975 	 1036.8534 	 0.0112 	 0.2378 	 0.1751
55 	 8 	 81.8341 	 31.9629 	 171.8598 	 1044.1044 	 1036.9311 	 0.0112 	 0.2400 	 0.1776
56 	 8 	 81.8213 	 31.9764 	 171.8680 	 1044.1238 	 1037.3660 	 0.0114 	 0.2449 	 0.1790
57 	 8 	 81.8340 	 31.9678 	 171.8529 	 1044.1446 	 1037.1659 	 0.0114 	 0.2443 	 0.1764
58 	 8 	 81.8472 	 31.9552 	 171.8334 	 1044.1002 	 1036.9256 	 0.0116 	 0.2536 	 0.1794
59 	 8 	 81.8716 	 31.9420 	 171.7981 	 1044.1306 	 1036.5840 	 0.0117 	 0.2515 	 0.1783
60 	 8 	 81.8697 	 31.9523 	 171.8011 	 1044.1424 	 1036.8345 	 0.0117 	 0.2518 	 0.1775
61 	 8 	 81.8754 	 31.9521 	 171.7988 	 1044.1016 	 1036.8917 	 0.0118 	 0.2570 	 0.1794
62 	 8 	 81.8745 	 31.9560 	 171.7989 	 1044.1644 	 1036.9884 	 0.0117 	 0.2560 	 0.1772
63 	 8 	 81.8569 	 31.9544 	 171.8175 	 1044.1750 	 1037.0268 	 0.0118 	 0.2503 	 0.1789
64 	 8 	 81.8688 	 31.9507 	 171.8124 	 1044.1627 	 1036.8470 	 0.0119 	 0.2491 	 0.1806
65 	 8 	 81.8698 	 31.9540 	 171.8164 	 1044.1033 	 1036.7483 	 0.0118 	 0.2515 	 0.1827
66 	 8 	 81.8568 	 31.9634 	 171.8288 	 1044.1220 	 1037.1741 	 0.0121 	 0.2532 	 0.1843
67 	 8 	 81.8625 	 31.9625 	 171.8248 	 1044.1208 	 1037.0945 	 0.0122 	 0.2554 	 0.1854
68 	 8 	 81.8659 	 31.9667 	 171.8212 	 1044.2269 	 1037.2479 	 0.0122 	 0.2619 	 0.1849
69 	 8 	 81.8651 	 31.9629 	 171.8230 	 1044.2363 	 1037.0639 	 0.0123 	 0.2617 	 0.1830
70 	 8 	 81.8449 	 31.9697 	 171.8409 	 1044.2412 	 1037.2344 	 0.0126 	 0.2659 	 0.1876
71 	 8 	 81.8658 	 31.9756 	 171.8316 	 1044.2605 	 1037.6643 	 0.0126 	 0.2771 	 0.2000
72 	 8 	 81.8836 	 31.9900 	 171.8179 	 1044.2534 	 1037.6948 	 0.0125 	 0.2724 	 0.1926
73 	 8 	 81.8724 	 31.9887 	 171.8330 	 1044.1922 	 1037.5235 	 0.0124 	 0.2722 	 0.2002
74 	 8 	 81.8556 	 31.9878 	 171.8491 	 1044.2012 	 1037.8552 	 0.0126 	 0.2762 	 0.2075
75 	 8 	 81.8520 	 31.9884 	 171.8558 	 1044.2018 	 1037.7879 	 0.0125 	 0.2787 	 0.2077
76 	 8 	 81.8520 	 31.9884 	 171.8558 	 1044.2018 	 1037.7879 	 0.0110 	 0.2324 	 0.1733
77 	 8 	 81.8520 	 31.9884 	 171.8558 	 1044.2018 	 1037.7879 	 0.0110 	 0.2324 	 0.1733
78 	 8 	 81.8520 	 31.9884 	 171.8558 	 1044.2018 	 1037.7879 	 0.0110 	 0.2324 	 0.1733
79 	 8 	 81.8520 	 31.9884 	 171.8558 	 1044.2018 	 1037.7879 	 0.0110 	 0.2324 	 0.1733
80 	 8 	 81.8520 	 31.9884 	 171.8558 	 1044.2018 	 1037.7879 	 0.0110 	 0.2324 	 0.1733
81 	 8 	 81.8520 	 31.9884 	 171.8558 	 1044.2018 	 1037.7879 	 0.0110 	 0.2324 	 0.1733
82 	 8 	 81.8520 	 31.9884 	 171.8558 	 1044.2018 	 1037.7879 	 0.0110 	 0.2324 	 0.1733
83 	 8 	 81.8520 	 31.9884 	 171.8558 	 1044.2018 	 1037.7879 	 0.0110 	 0.2324 	 0.1733
84 	 8 	 81.8520 	 31.9884 	 171.8558 	 1044.2018 	 1037.7879 	 0.0110 	 0.2324 	 0.1733
85 	 8 	 81.8520 	 31.9884 	 171.8558 	 1044.2018 	 1037.7879 	 0.0110 	 0.2324 	 0.1733
86 	 8 	 81.8520 	 31.9884 	 171.8558 	 1044.2018 	 1037.7879 	 0.0110 	 0.2324 	 0.1733
87 	 8 	 81.8520 	 31.9884 	 171.8558 	 1044.2018 	 1037.7879 	 0.0110 	 0.2324 	 0.1733
88 	 8 	 81.8520 	 31.9884 	 171.8558 	 1044.2018 	 1037.7879 	 0.0110 	 0.2324 	 0.1733
89 	 8 	 81.8520 	 31.9884 	 171.8558 	 1044.2018 	 1037.7879 	 0.0110 	 0.2324 	 0.1733
90 	 8 	 81.8520 	 31.9884 	 171.8558 	 1044.2018 	 1037.7879 	 0.0110 	 0.2324 	 0.1733
91 	 8 	 81.8520 	 31.9884 	 171.8558 	 1044.2018 	 1037.7879 	 0.0110 	 0.2324 	 0.1733
92 	 8 	 81.8520 	 31.9884 	 171.8558 	 1044.2018 	 1037.7879 	 0.0110 	 0.2324 	 0.1733
93 	 8 	 81.8520 	 31.9884 	 171.8558 	 1044.2018 	 1037.7879 	 0.0110 	 0.2324 	 0.1733
94 	 8 	 81.8520 	 31.9884 	 171.8558 	 1044.2018 	 1037.7879 	 0.0110 	 0.2324 	 0.1733
95 	 8 	 81.8520 	 31.9884 	 171.8558 	 1044.2018 	 1037.7879 	 0.0110 	 0.2324 	 0.1733
96 	 8 	 81.8520 	 31.9884 	 171.8558 	 1044.2018 	 1037.7879 	 0.0110 	 0.2324 	 0.1733
97 	 8 	 81.8520 	 31.9884 	 171.8558 	 1044.2018 	 1037.7879 	 0.0110 	 0.2324 	 0.1733
98 	 8 	 81.8520 	 31.9884 	 171.8558 	 1044.2018 	 1037.7879 	 0.0110 	 0.2324 	 0.1733
99 	 8 	 81.8520 	 31.9884 	 171.8558 	 1044.2018 	 1037.7879 	 0.0110 	 0.2324 	 0.1733
100 	 8 	 81.8520 	 31.9884 	 171.8558 	 1044.2018 	 1037.7879 	 0.0110 	 0.2324 	 0.1733
101 	 8 	 81.8520 	 31.9884 	 171.8558 	 1044.2018 	 1037.7879 	 0.0110 	 0.2324 	 0.1733
102 	 8 	 81.8520 	 31.9884 	 171.8558 	 1044.2018 	 1037.7879 	 0.0110 	 0.2324 	 0.1733
103 	 8 	 81.8520 	 31.9884 	 171.8558 	 1044.2018 	 1037.7879 	 0.0110 	 0.2324 	 0.1733
1 	 9 	 81.4098 	 32.0042 	 171.9262 	 1047.4494 	 1037.3394 	 0.0100 	 0.2603 	 0.1789
2 	 9 	 81.4098 	 32.0042 	 171.9262 	 1047.4494 	 1037.3394 	 0.0100 	 0.2603 	 0.1789
3 	 9 	 81.4098 	 32.0042 	 171.9262 	 1047.4494 	 1037.3394 	 0.0100 	 0.2603 	 0.1789
4 	 9 	 81.4098 	 32.0042 	 171.9262 	 1047.4494 	 1037.3394 	 0.0100 	 0.2603 	 0.1789
5 	 9 	 81.4098 	 32.0042 	 171.9262 	 1047.4494 	 1037.3394 	 0.0100 	 0.2603 	 0.1789
6 	 9 	 81.4098 	 32.0042 	 171.9262 	 1047.4494 	 1037.3394 	 0.0100 	 0.2603 	 0.1789
7 	 9 	 81.4098 	 32.0042 	 171.9262 	 1047.4494 	 1037.3394 	 0.0100 	 0.2603 	 0.1789
8 	 9 	 81.4098 	 32.0042 	 171.9262 	 1047.4494 	 1037.3394 	 0.0100 	 0.2603 	 0.1789
9 	 9 	 81.4098 	 32.0042 	 171.9262 	 1047.4494 	 1037.3394 	 0.0100 	 0.2603 	 0.1789
10 	 9 	 81.4098 	 32.0042 	 171.9262 	 1047.4494 	 1037.3394 	 0.0100 	 0.2603 	 0.1789
11 	 9 	 81.4098 	 32.0042 	 171.9262 	 1047.4494 	 1037.3394 	 0.0100 	 0.2603 	 0.1789
12 	 9 	 81.4098 	 32.0042 	 171.9262 	 1047.4494 	 1037.3394 	 0.0100 	 0.2603 	 0.1789
13 	 9 	 81.4098 	 32.0042 	 171.9262 	 1047.4494 	 1037.3394 	 0.0100 	 0.2603 	 0.1789
14 	 9 	 81.4098 	 32.0042 	 171.9262 	 1047.4494 	 1037.3394 	 0.0100 	 0.2603 	 0.1789
15 	 9 	 81.4098 	 32.0042 	 171.9262 	 1047.4494 	 1037.3394 	 0.0100 	 0.2603 	 0.1789
16 	 9 	 81.4098 	 32.0042 	 171.9262 	 1047.4494 	 1037.3394 	 0.0100 	 0.2603 	 0.1789
17 	 9 	 81.4098 	 32.0042 	 171.9262 	 1047.4494 	 1037.3394 	 0.0100 	 0.2603 	 0.1789
18 	 9 	 81.4098 	 32.0042 	 171.9262 	 1047.4494 	 1037.3394 	 0.0100 	 0.2603 	 0.1789
19 	 9 	 81.4098 	 32.0042 	 171.9262 	 1047.4494 	 1037.3394 	 0.0100 	 0.2603 	 0.1789
20 	 9 	 81.4098 	 32.0042 	 171.9262 	 1047.4494 	 1037.3394 	 0.0100 	 0.2603 	 0.1789
21 	 9 	 81.4098 	 32.0042 	 171.9262 	 1047.4494 	 1037.3394 	 0.0100 	 0.2603 	 0.1789
22 	 9 	 81.4098 	 32.0042 	 171.9262 	 1047.4494 	 1037.3394 	 0.0100 	 0.2603 	 0.1789
23 	 9 	 81.4098 	 32.0042 	 171.9262 	 1047.4494 	 1037.3394 	 0.0089 	 0.2670 	 0.1753
24 	 9 	 81.4179 	 32.0069 	 171.9154 	 1047.4517 	 1037.6887 	 0.0087 	 0.2614 	 0.1718
25 	 9 	 81.4118 	 32.0148 	 171.9123 	 1047.4719 	 1037.6866 	 0.0088 	 0.2659 	 0.1752
26 	 9 	 81.4303 	 32.0148 	 171.8990 	 1047.4453 	 1038.0873 	 0.0094 	 0.2739 	 0.1787
27 	 9 	 81.4286 	 32.0159 	 171.8973 	 1047.4381 	 1038.0425 	 0.0094 	 0.2748 	 0.1797
28 	 9 	 81.4314 	 32.0120 	 171.8915 	 1047.4484 	 1038.1770 	 0.0096 	 0.2795 	 0.1848
29 	 9 	 81.4429 	 32.0141 	 171.8856 	 1047.4150 	 1038.3958 	 0.0097 	 0.2791 	 0.1842
30 	 9 	 81.4454 	 32.0163 	 171.8829 	 1047.3957 	 1038.4688 	 0.0098 	 0.2804 	 0.1852
31 	 9 	 81.4360 	 32.0218 	 171.8810 	 1047.3834 	 1038.2441 	 0.0098 	 0.2718 	 0.1785
32 	 9 	 81.4328 	 32.0234 	 171.8811 	 1047.3760 	 1038.1872 	 0.0098 	 0.2702 	 0.1772
33 	 9 	 81.4358 	 32.0233 	 171.8787 	 1047.3511 	 1038.1381 	 0.0098 	 0.2645 	 0.1733
34 	 9 	 81.4318 	 32.0247 	 171.8726 	 1047.3467 	 1037.9481 	 0.0099 	 0.2634 	 0.1702
35 	 9 	 81.4273 	 32.0119 	 171.8572 	 1047.4012 	 1037.7263 	 0.0105 	 0.2761 	 0.1742
36 	 9 	 81.4449 	 32.0124 	 171.8535 	 1047.2580 	 1038.3156 	 0.0107 	 0.2772 	 0.1738
37 	 9 	 81.4448 	 32.0114 	 171.8528 	 1047.2289 	 1038.3265 	 0.0107 	 0.2785 	 0.1750
38 	 9 	 81.4410 	 32.0163 	 171.8468 	 1047.2550 	 1038.3564 	 0.0106 	 0.2775 	 0.1772
39 	 9 	 81.4463 	 32.0304 	 171.8589 	 1047.2237 	 1038.5968 	 0.0104 	 0.2661 	 0.1800
40 	 9 	 81.4456 	 32.0366 	 171.8544 	 1047.1986 	 1038.7197 	 0.0109 	 0.2762 	 0.1882
41 	 9 	 81.4439 	 32.0537 	 171.8506 	 1047.1987 	 1038.7966 	 0.0107 	 0.2611 	 0.1881
42 	 9 	 81.4547 	 32.0515 	 171.8552 	 1047.1154 	 1038.9146 	 0.0106 	 0.2536 	 0.1882
43 	 9 	 81.4582 	 32.0515 	 171.8602 	 1047.0873 	 1039.0228 	 0.0104 	 0.2460 	 0.1819
44 	 9 	 81.4607 	 32.0609 	 171.8688 	 1047.0364 	 1039.1297 	 0.0104 	 0.2499 	 0.1847
45 	 9 	 81.4601 	 32.0626 	 171.8674 	 1047.0383 	 1039.1066 	 0.0104 	 0.2512 	 0.1855
46 	 9 	 81.4656 	 32.0560 	 171.8687 	 1046.9483 	 1039.2297 	 0.0104 	 0.2388 	 0.1827
47 	 9 	 81.4666 	 32.0574 	 171.8706 	 1046.9218 	 1039.2078 	 0.0103 	 0.2325 	 0.1779
48 	 9 	 81.4646 	 32.0655 	 171.8717 	 1046.9226 	 1039.1228 	 0.0102 	 0.2274 	 0.1783
49 	 9 	 81.4514 	 32.0683 	 171.8755 	 1046.9127 	 1038.8623 	 0.0102 	 0.2284 	 0.1731
50 	 9 	 81.4516 	 32.0719 	 171.8747 	 1046.9189 	 1038.8795 	 0.0101 	 0.2283 	 0.1719
51 	 9 	 81.4539 	 32.1033 	 171.8821 	 1046.9458 	 1039.0548 	 0.0101 	 0.2266 	 0.1737
52 	 9 	 81.4539 	 32.1033 	 171.8821 	 1046.9458 	 1039.0548 	 0.0100 	 0.2603 	 0.1789
53 	 9 	 81.4539 	 32.1033 	 171.8821 	 1046.9458 	 1039.0548 	 0.0100 	 0.2603 	 0.1789
54 	 9 	 81.4539 	 32.1033 	 171.8821 	 1046.9458 	 1039.0548 	 0.0100 	 0.2603 	 0.1789
55 	 9 	 81.4539 	 32.1033 	 171.8821 	 1046.9458 	 1039.0548 	 0.0100 	 0.2603 	 0.1789
56 	 9 	 81.4539 	 32.1033 	 171.8821 	 1046.9458 	 1039.0548 	 0.0100 	 0.2603 	 0.1789
57 	 9 	 81.4539 	 32.1033 	 171.8821 	 1046.9458 	 1039.0548 	 0.0100 	 0.2603 	 0.1789
58 	 9 	 81.4539 	 32.1033 	 171.8821 	 1046.9458 	 1039.0548 	 0.0100 	 0.2603 	 0.1789
59 	 9 	 81.4539 	 32.1033 	 171.8821 	 1046.9458 	 1039.0548 	 0.0100 	 0.2603 	 0.1789
60 	 9 	 81.4539 	 32.1033 	 171.8821 	 1046.9458 	 1039.0548 	 0.0100 	 0.2603 	 0.1789
61 	 9 	 81.4539 	 32.1033 	 171.8821 	 1046.9458 	 1039.0548 	 0.0100 	 0.2603 	 0.1789
62 	 9 	 81.4539 	 32.1033 	 171.8821 	 1046.9458 	 1039.0548 	 0.0100 	 0.2603 	 0.1789
63 	 9 	 81.4539 	 32.1033 	 171.8821 	 1046.9458 	 1039.0548 	 0.0100 	 0.2603 	 0.1789
64 	 9 	 81.4539 	 32.1033 	 171.8821 	 1046.9458 	 1039.0548 	 0.0100 	 0.2603 	 0.1789
65 	 9 	 81.4539 	 32.1033 	 171.8821 	 1046.9458 	 1039.0548 	 0.0100 	 0.2603 	 0.1789
66 	 9 	 81.4539 	 32.1033 	 171.8821 	 1046.9458 	 1039.0548 	 0.0100 	 0.2603 	 0.1789
67 	 9 	 81.4539 	 32.1033 	 171.8821 	 1046.9458 	 1039.0548 	 0.0100 	 0.2603 	 0.1789
68 	 9 	 81.4539 	 32.1033 	 171.8821 	 1046.9458 	 1039.0548 	 0.0100 	 0.2603 	 0.1789
69 	 9 	 81.4539 	 32.1033 	 171.8821 	 1046.9458 	 1039.0548 	 0.0100 	 0.2603 	 0.1789
70 	 9 	 81.4539 	 32.1033 	 171.8821 	 1046.9458 	 1039.0548 	 0.0100 	 0.2603 	 0.1789
71 	 9 	 81.4539 	 32.1033 	 171.8821 	 1046.9458 	 1039.0548 	 0.0100 	 0.2603 	 0.1789
72 	 9 	 81.4539 	 32.1033 	 171.8821 	 1046.9458 	 1039.0548 	 0.0100 	 0.2603 	 0.1789
73 	 9 	 81.4539 	 32.1033 	 171.8821 	 1046.9458 	 1039.0548 	 0.0100 	 0.2603 	 0.1789
1 	 10 	 81.7532 	 32.1077 	 171.7820 	 1044.7312 	 1041.4943 	 0.0089 	 0.2238 	 0.1465
2 	 10 	 81.7532 	 32.1077 	 171.7820 	 1044.7312 	 1041.4943 	 0.0089 	 0.2238 	 0.1465
3 	 10 	 81.7532 	 32.1077 	 171.7820 	 1044.7312 	 1041.4943 	 0.0089 	 0.2238 	 0.1465
4 	 10 	 81.7532 	 32.1077 	 171.7820 	 1044.7312 	 1041.4943 	 0.0089 	 0.2238 	 0.1465
5 	 10 	 81.7532 	 32.1077 	 171.7820 	 1044.7312 	 1041.4943 	 0.0089 	 0.2238 	 0.1465
6 	 10 	 81.7532 	 32.1077 	 171.7820 	 1044.7312 	 1041.4943 	 0.0089 	 0.2238 	 0.1465
7 	 10 	 81.7532 	 32.1077 	 171.7820 	 1044.7312 	 1041.4943 	 0.0089 	 0.2238 	 0.1465
8 	 10 	 81.7532 	 32.1077 	 171.7820 	 1044.7312 	 1041.4943 	 0.0089 	 0.2238 	 0.1465
9 	 10 	 81.7532 	 32.1077 	 171.7820 	 1044.7312 	 1041.4943 	 0.0089 	 0.2238 	 0.1465
10 	 10 	 81.7532 	 32.1077 	 171.7820 	 1044.7312 	 1041.4943 	 0.0089 	 0.2238 	 0.1465
11 	 10 	 81.7532 	 32.1077 	 171.7820 	 1044.7312 	 1041.4943 	 0.0089 	 0.2238 	 0.1465
12 	 10 	 81.7532 	 32.1077 	 171.7820 	 1044.7312 	 1041.4943 	 0.0089 	 0.2238 	 0.1465
13 	 10 	 81.7532 	 32.1077 	 171.7820 	 1044.7312 	 1041.4943 	 0.0089 	 0.2238 	 0.1465
14 	 10 	 81.7532 	 32.1077 	 171.7820 	 1044.7312 	 1041.4943 	 0.0089 	 0.2238 	 0.1465
15 	 10 	 81.7532 	 32.1077 	 171.7820 	 1044.7312 	 1041.4943 	 0.0089 	 0.2238 	 0.1465
16 	 10 	 81.7532 	 32.1077 	 171.7820 	 1044.7312 	 1041.4943 	 0.0089 	 0.2238 	 0.1465
17 	 10 	 81.7532 	 32.1077 	 171.7820 	 1044.7312 	 1041.4943 	 0.0089 	 0.2238 	 0.1465
18 	 10 	 81.7532 	 32.1077 	 171.7820 	 1044.7312 	 1041.4943 	 0.0089 	 0.2238 	 0.1465
19 	 10 	 81.7532 	 32.1077 	 171.7820 	 1044.7312 	 1041.4943 	 0.0089 	 0.2238 	 0.1465
20 	 10 	 81.7532 	 32.1077 	 171.7820 	 1044.7312 	 1041.4943 	 0.0089 	 0.2238 	 0.1465
21 	 10 	 81.7532 	 32.1077 	 171.7820 	 1044.7312 	 1041.4943 	 0.0089 	 0.2238 	 0.1465
22 	 10 	 81.7532 	 32.1077 	 171.7820 	 1044.7312 	 1041.4943 	 0.0089 	 0.2238 	 0.1465
23 	 10 	 81.7532 	 32.1077 	 171.7820 	 1044.7312 	 1041.4943 	 0.0089 	 0.2238 	 0.1465
24 	 10 	 81.7532 	 32.1077 	 171.7820 	 1044.7312 	 1041.4943 	 0.0089 	 0.2238 	 0.1465
25 	 10 	 81.7532 	 32.1077 	 171.7820 	 1044.7312 	 1041.4943 	 0.0089 	 0.2238 	 0.1465
26 	 10 	 81.7532 	 32.1077 	 171.7820 	 1044.7312 	 1041.4943 	 0.0089 	 0.2238 	 0.1465
27 	 10 	 81.7532 	 32.1077 	 171.7820 	 1044.7312 	 1041.4943 	 0.0065 	 0.1538 	 0.0810
28 	 10 	 81.7532 	 32.1077 	 171.7820 	 1044.7312 	 1041.4943 	 0.0065 	 0.1538 	 0.0810
29 	 10 	 81.7594 	 32.1128 	 171.7838 	 1044.7233 	 1041.5248 	 0.0066 	 0.1558 	 0.0839
30 	 10 	 81.7635 	 32.1175 	 171.7856 	 1044.7241 	 1041.5410 	 0.0066 	 0.1560 	 0.0898
31 	 10 	 81.7650 	 32.1183 	 171.7879 	 1044.7215 	 1041.5104 	 0.0067 	 0.1583 	 0.0923
32 	 10 	 81.7647 	 32.1121 	 171.7891 	 1044.7157 	 1041.2347 	 0.0070 	 0.1631 	 0.0946
33 	 10 	 81.7741 	 32.1072 	 171.7918 	 1044.6477 	 1041.2596 	 0.0073 	 0.1846 	 0.0967
34 	 10 	 81.7794 	 32.1041 	 171.7848 	 1044.6718 	 1041.2274 	 0.0073 	 0.1848 	 0.1004
35 	 10 	 81.7791 	 32.1056 	 171.7871 	 1044.6735 	 1041.2020 	 0.0074 	 0.1877 	 0.1027
36 	 10 	 81.7769 	 32.1122 	 171.7997 	 1044.6651 	 1041.1944 	 0.0074 	 0.1880 	 0.1038
37 	 10 	 81.7770 	 32.1130 	 171.7987 	 1044.6662 	 1041.1510 	 0.0075 	 0.1896 	 0.1048
38 	 10 	 81.7777 	 32.1136 	 171.7993 	 1044.6850 	 1041.1359 	 0.0077 	 0.1943 	 0.1067
39 	 10 	 81.7751 	 32.1202 	 171.8064 	 1044.6884 	 1041.1095 	 0.0079 	 0.2005 	 0.1084
40 	 10 	 81.7759 	 32.1270 	 171.8098 	 1044.6745 	 1041.2819 	 0.0080 	 0.2051 	 0.1132
41 	 10 	 81.7706 	 32.1333 	 171.8183 	 1044.7219 	 1041.4102 	 0.0081 	 0.2065 	 0.1147
42 	 10 	 81.7740 	 32.1311 	 171.8175 	 1044.7153 	 1041.3354 	 0.0081 	 0.2065 	 0.1165
43 	 10 	 81.7803 	 32.1251 	 171.8067 	 1044.7165 	 1041.1501 	 0.0082 	 0.2090 	 0.1178
44 	 10 	 81.7942 	 32.1108 	 171.7916 	 1044.7192 	 1040.7078 	 0.0081 	 0.2071 	 0.1179
45 	 10 	 81.7973 	 32.1120 	 171.7912 	 1044.7124 	 1040.6779 	 0.0084 	 0.2126 	 0.1229
46 	 10 	 81.7981 	 32.1062 	 171.7920 	 1044.6929 	 1040.5672 	 0.0084 	 0.2110 	 0.1240
47 	 10 	 81.8008 	 32.0975 	 171.7932 	 1044.7016 	 1040.1255 	 0.0086 	 0.2146 	 0.1263
48 	 10 	 81.8058 	 32.0916 	 171.7873 	 1044.7324 	 1040.0565 	 0.0087 	 0.2141 	 0.1262
49 	 10 	 81.8047 	 32.0897 	 171.7909 	 1044.7513 	 1040.1123 	 0.0086 	 0.2144 	 0.1264
50 	 10 	 81.8087 	 32.0851 	 171.7824 	 1044.7976 	 1039.9860 	 0.0087 	 0.2174 	 0.1281
51 	 10 	 81.8064 	 32.0802 	 171.7892 	 1044.7918 	 1039.8824 	 0.0088 	 0.2181 	 0.1295
52 	 10 	 81.8054 	 32.0778 	 171.7868 	 1044.7938 	 1039.8153 	 0.0090 	 0.2245 	 0.1347
53 	 10 	 81.8009 	 32.0821 	 171.7952 	 1044.7776 	 1039.8753 	 0.0091 	 0.2266 	 0.1360
54 	 10 	 81.7945 	 32.0771 	 171.8017 	 1044.8718 	 1039.9952 	 0.0093 	 0.2360 	 0.1428
55 	 10 	 81.7958 	 32.0786 	 171.7935 	 1044.8982 	 1039.8472 	 0.0096 	 0.2401 	 0.1496
56 	 10 	 81.7951 	 32.0746 	 171.7991 	 1044.9346 	 1039.5485 	 0.0102 	 0.2530 	 0.1560
57 	 10 	 81.8107 	 32.0772 	 171.7846 	 1044.8861 	 1039.5008 	 0.0100 	 0.2520 	 0.1621
58 	 10 	 81.8168 	 32.0771 	 171.7655 	 1044.8511 	 1039.3080 	 0.0097 	 0.2538 	 0.1612
59 	 10 	 81.8209 	 32.0727 	 171.7568 	 1044.8978 	 1039.1304 	 0.0100 	 0.2622 	 0.1646
60 	 10 	 81.8216 	 32.0725 	 171.7535 	 1044.8807 	 1039.1738 	 0.0099 	 0.2685 	 0.1734
61 	 10 	 81.8129 	 32.0821 	 171.7651 	 1044.9211 	 1039.2844 	 0.0099 	 0.2738 	 0.1852
62 	 10 	 81.8193 	 32.0782 	 171.7577 	 1044.8399 	 1038.8174 	 0.0099 	 0.2674 	 0.1824
63 	 10 	 81.8191 	 32.0759 	 171.7451 	 1044.8751 	 1038.5076 	 0.0099 	 0.2659 	 0.1819
64 	 10 	 81.7963 	 32.0743 	 171.7651 	 1044.9464 	 1038.6643 	 0.0093 	 0.2112 	 0.1830
65 	 10 	 81.7969 	 32.0714 	 171.7647 	 1044.9390 	 1038.6722 	 0.0094 	 0.2131 	 0.1816
66 	 10 	 81.8159 	 32.0686 	 171.7596 	 1044.8487 	 1038.4096 	 0.0093 	 0.2565 	 0.1846
67 	 10 	 81.8227 	 32.0711 	 171.7639 	 1044.8532 	 1038.4873 	 0.0092 	 0.2523 	 0.1859
68 	 10 	 81.8331 	 32.0651 	 171.7444 	 1044.7957 	 1038.2455 	 0.0093 	 0.2560 	 0.1827
69 	 10 	 81.8348 	 32.0591 	 171.7452 	 1044.8034 	 1038.1442 	 0.0098 	 0.2617 	 0.1831
70 	 10 	 81.8348 	 32.0591 	 171.7452 	 1044.8034 	 1038.1442 	 0.0098 	 0.2617 	 0.1831
71 	 10 	 81.8413 	 32.0528 	 171.7524 	 1044.8736 	 1038.1027 	 0.0099 	 0.2551 	 0.1887
72 	 10 	 81.8457 	 32.0545 	 171.7423 	 1044.8946 	 1037.9543 	 0.0102 	 0.2610 	 0.1933
73 	 10 	 81.8400 	 32.0562 	 171.7596 	 1044.8581 	 1038.2472 	 0.0101 	 0.2544 	 0.1896
74 	 10 	 81.8434 	 32.0536 	 171.7537 	 1044.8807 	 1038.0342 	 0.0100 	 0.2493 	 0.1854
75 	 10 	 81.8471 	 32.0571 	 171.7540 	 1044.8598 	 1038.2049 	 0.0099 	 0.2439 	 0.1812
76 	 10 	 81.8468 	 32.0549 	 171.7576 	 1044.8885 	 1038.2732 	 0.0098 	 0.2414 	 0.1765
77 	 10 	 81.8454 	 32.0415 	 171.7557 	 1044.8724 	 1037.9324 	 0.0097 	 0.2373 	 0.1757
78 	 10 	 81.8459 	 32.0397 	 171.7683 	 1044.8761 	 1038.0485 	 0.0096 	 0.2356 	 0.1790
79 	 10 	 81.8396 	 32.0287 	 171.7782 	 1044.8662 	 1037.9731 	 0.0097 	 0.2406 	 0.1810
80 	 10 	 81.8411 	 32.0058 	 171.7827 	 1044.9060 	 1037.4322 	 0.0099 	 0.2424 	 0.1814
81 	 10 	 81.8411 	 32.0058 	 171.7827 	 1044.9060 	 1037.4322 	 0.0099 	 0.2424 	 0.1814
82 	 10 	 81.8414 	 31.9945 	 171.8132 	 1044.8351 	 1037.6134 	 0.0100 	 0.2526 	 0.2056
83 	 10 	 81.8557 	 31.9904 	 171.8042 	 1044.8224 	 1037.5381 	 0.0103 	 0.2594 	 0.2060
84 	 10 	 81.8557 	 31.9904 	 171.8042 	 1044.8224 	 1037.5381 	 0.0089 	 0.2238 	 0.1465
85 	 10 	 81.8557 	 31.9904 	 171.8042 	 1044.8224 	 1037.5381 	 0.0089 	 0.2238 	 0.1465
86 	 10 	 81.8557 	 31.9904 	 171.8042 	 1044.8224 	 1037.5381 	 0.0089 	 0.2238 	 0.1465
87 	 10 	 81.8557 	 31.9904 	 171.8042 	 1044.8224 	 1037.5381 	 0.0089 	 0.2238 	 0.1465
88 	 10 	 81.8557 	 31.9904 	 171.8042 	 1044.8224 	 1037.5381 	 0.0089 	 0.2238 	 0.1465
89 	 10 	 81.8557 	 31.9904 	 171.8042 	 1044.8224 	 1037.5381 	 0.0089 	 0.2238 	 0.1465
90 	 10 	 81.8557 	 31.9904 	 171.8042 	 1044.8224 	 1037.5381 	 0.0089 	 0.2238 	 0.1465
91 	 10 	 81.8557 	 31.9904 	 171.8042 	 1044.8224 	 1037.5381 	 0.0089 	 0.2238 	 0.1465
92 	 10 	 81.8557 	 31.9904 	 171.8042 	 1044.8224 	 1037.5381 	 0.0089 	 0.2238 	 0.1465
93 	 10 	 81.8557 	 31.9904 	 171.8042 	 1044.8224 	 1037.5381 	 0.0089 	 0.2238 	 0.1465
94 	 10 	 81.8557 	 31.9904 	 171.8042 	 1044.8224 	 1037.5381 	 0.0089 	 0.2238 	 0.1465
95 	 10 	 81.8557 	 31.9904 	 171.8042 	 1044.8224 	 1037.5381 	 0.0089 	 0.2238 	 0.1465
96 	 10 	 81.8557 	 31.9904 	 171.8042 	 1044.8224 	 1037.5381 	 0.0089 	 0.2238 	 0.1465
97 	 10 	 81.8557 	 31.9904 	 171.8042 	 1044.8224 	 1037.5381 	 0.0089 	 0.2238 	 0.1465
98 	 10 	 81.8557 	 31.9904 	 171.8042 	 1044.8224 	 1037.5381 	 0.0089 	 0.2238 	 0.1465
99 	 10 	 81.8557 	 31.9904 	 171.8042 	 1044.8224 	 1037.5381 	 0.0089 	 0.2238 	 0.1465
100 	 10 	 81.8557 	 31.9904 	 171.8042 	 1044.8224 	 1037.5381 	 0.0089 	 0.2238 	 0.1465
101 	 10 	 81.8557 	 31.9904 	 171.8042 	 1044.8224 	 1037.5381 	 0.0089 	 0.2238 	 0.1465
102 	 10 	 81.8557 	 31.9904 	 171.8042 	 1044.8224 	 1037.5381 	 0.0089 	 0.2238 	 0.1465
103 	 10 	 81.8557 	 31.9904 	 171.8042 	 1044.8224 	 1037.5381 	 0.0089 	 0.2238 	 0.1465
104 	 10 	 81.8557 	 31.9904 	 171.8042 	 1044.8224 	 1037.5381 	 0.0089 	 0.2238 	 0.1465
105 	 10 	 81.8557 	 31.9904 	 171.8042 	 1044.8224 	 1037.5381 	 0.0089 	 0.2238 	 0.1465
106 	 10 	 81.8557 	 31.9904 	 171.8042 	 1044.8224 	 1037.5381 	 0.0089 	 0.2238 	 0.1465
107 	 10 	 81.8557 	 31.9904 	 171.8042 	 1044.8224 	 1037.5381 	 0.0089 	 0.2238 	 0.1465
108 	 10 	 81.8557 	 31.9904 	 171.8042 	 1044.8224 	 1037.5381 	 0.0089 	 0.2238 	 0.1465
109 	 10 	 81.8557 	 31.9904 	 171.8042 	 1044.8224 	 1037.5381 	 0.0089 	 0.2238 	 0.1465
1 	 11 	 81.7903 	 31.9756 	 171.8714 	 1045.5440 	 1038.8506 	 0.0088 	 0.1450 	 0.1362
2 	 11 	 81.7903 	 31.9756 	 171.8714 	 1045.5440 	 1038.8506 	 0.0088 	 0.1450 	 0.1362
3 	 11 	 81.7903 	 31.9756 	 171.8714 	 1045.5440 	 1038.8506 	 0.0088 	 0.1450 	 0.1362
4 	 11 	 81.7903 	 31.9756 	 171.8714 	 1045.5440 	 1038.8506 	 0.0088 	 0.1450 	 0.1362
5 	 11 	 81.7903 	 31.9756 	 171.8714 	 1045.5440 	 1038.8506 	 0.0088 	 0.1450 	 0.1362
6 	 11 	 81.7903 	 31.9756 	 171.8714 	 1045.5440 	 1038.8506 	 0.0088 	 0.1450 	 0.1362
7 	 11 	 81.7903 	 31.9756 	 171.8714 	 1045.5440 	 1038.8506 	 0.0088 	 0.1450 	 0.1362
8 	 11 	 81.7903 	 31.9756 	 171.8714 	 1045.5440 	 1038.8506 	 0.0088 	 0.1450 	 0.1362
9 	 11 	 81.7903 	 31.9756 	 171.8714 	 1045.5440 	 1038.8506 	 0.0088 	 0.1450 	 0.1362
10 	 11 	 81.7903 	 31.9756 	 171.8714 	 1045.5440 	 1038.8506 	 0.0088 	 0.1450 	 0.1362
11 	 11 	 81.7903 	 31.9756 	 171.8714 	 1045.5440 	 1038.8506 	 0.0088 	 0.1450 	 0.1362
12 	 11 	 81.7903 	 31.9756 	 171.8714 	 1045.5440 	 1038.8506 	 0.0088 	 0.1450 	 0.1362
13 	 11 	 81.7903 	 31.9756 	 171.8714 	 1045.5440 	 1038.8506 	 0.0088 	 0.1450 	 0.1362
14 	 11 	 81.7903 	 31.9756 	 171.8714 	 1045.5440 	 1038.8506 	 0.0088 	 0.1450 	 0.1362
15 	 11 	 81.7903 	 31.9756 	 171.8714 	 1045.5440 	 1038.8506 	 0.0088 	 0.1450 	 0.1362
16 	 11 	 81.7903 	 31.9756 	 171.8714 	 1045.5440 	 1038.8506 	 0.0088 	 0.1450 	 0.1362
17 	 11 	 81.7903 	 31.9756 	 171.8714 	 1045.5440 	 1038.8506 	 0.0088 	 0.1450 	 0.1362
18 	 11 	 81.7903 	 31.9756 	 171.8714 	 1045.5440 	 1038.8506 	 0.0088 	 0.1450 	 0.1362
19 	 11 	 81.7903 	 31.9756 	 171.8714 	 1045.5440 	 1038.8506 	 0.0088 	 0.1450 	 0.1362
20 	 11 	 81.7903 	 31.9756 	 171.8714 	 1045.5440 	 1038.8506 	 0.0088 	 0.1450 	 0.1362
21 	 11 	 81.7903 	 31.9756 	 171.8714 	 1045.5440 	 1038.8506 	 0.0088 	 0.1450 	 0.1362
22 	 11 	 81.7903 	 31.9756 	 171.8714 	 1045.5440 	 1038.8506 	 0.0088 	 0.1450 	 0.1362
23 	 11 	 81.7903 	 31.9756 	 171.8714 	 1045.5440 	 1038.8506 	 0.0088 	 0.1450 	 0.1362
24 	 11 	 81.7903 	 31.9756 	 171.8714 	 1045.5440 	 1038.8506 	 0.0088 	 0.1450 	 0.1362
25 	 11 	 81.7903 	 31.9756 	 171.8714 	 1045.5440 	 1038.8506 	 0.0107 	 0.1640 	 0.1637
26 	 11 	 81.7929 	 31.9768 	 171.8718 	 1045.5452 	 1038.8773 	 0.0104 	 0.1589 	 0.1592
27 	 11 	 81.8057 	 31.9806 	 171.8703 	 1045.5367 	 1038.9504 	 0.0101 	 0.1597 	 0.1588
28 	 11 	 81.8281 	 31.9832 	 171.8686 	 1045.5312 	 1039.0148 	 0.0099 	 0.1593 	 0.1578
29 	 11 	 81.8398 	 31.9847 	 171.8666 	 1045.5113 	 1039.0141 	 0.0097 	 0.1622 	 0.1618
30 	 11 	 81.8680 	 31.9862 	 171.8698 	 1045.5134 	 1039.1189 	 0.0096 	 0.1627 	 0.1630
31 	 11 	 81.9149 	 31.9910 	 171.8729 	 1045.4956 	 1039.2745 	 0.0089 	 0.1600 	 0.1484
32 	 11 	 81.9403 	 31.9936 	 171.8825 	 1045.4809 	 1039.4268 	 0.0085 	 0.1602 	 0.1413
33 	 11 	 81.9378 	 31.9956 	 171.8826 	 1045.4965 	 1039.4313 	 0.0085 	 0.1585 	 0.1387
34 	 11 	 81.9496 	 31.9907 	 171.8883 	 1045.4957 	 1039.4072 	 0.0083 	 0.1555 	 0.1369
35 	 11 	 81.9459 	 31.9920 	 171.8971 	 1045.4884 	 1039.4619 	 0.0081 	 0.1543 	 0.1315
36 	 11 	 81.9569 	 31.9920 	 171.9117 	 1045.4769 	 1039.5494 	 0.0079 	 0.1470 	 0.1315
37 	 11 	 81.9532 	 31.9910 	 171.9102 	 1045.4805 	 1039.5571 	 0.0079 	 0.1481 	 0.1323
38 	 11 	 81.9569 	 32.0052 	 171.9138 	 1045.4953 	 1039.6763 	 0.0080 	 0.1467 	 0.1216
39 	 11 	 81.9634 	 32.0012 	 171.9152 	 1045.4878 	 1039.6412 	 0.0082 	 0.1485 	 0.1164
40 	 11 	 81.9679 	 32.0007 	 171.9122 	 1045.4833 	 1039.6435 	 0.0082 	 0.1492 	 0.1171
41 	 11 	 81.9789 	 31.9958 	 171.9223 	 1045.4793 	 1039.7179 	 0.0079 	 0.1363 	 0.1155
42 	 11 	 81.9877 	 31.9875 	 171.9259 	 1045.4626 	 1039.7101 	 0.0077 	 0.1220 	 0.1161
43 	 11 	 81.9951 	 31.9986 	 171.9239 	 1045.4683 	 1039.8016 	 0.0076 	 0.1208 	 0.1114
44 	 11 	 81.9962 	 31.9995 	 171.9214 	 1045.4890 	 1039.7794 	 0.0080 	 0.1322 	 0.1095
45 	 11 	 81.9968 	 31.9944 	 171.9196 	 1045.4864 	 1039.7613 	 0.0080 	 0.1329 	 0.1078
46 	 11 	 82.0115 	 31.9907 	 171.9309 	 1045.4866 	 1039.8032 	 0.0076 	 0.1265 	 0.1073
47 	 11 	 82.0168 	 31.9839 	 171.9331 	 1045.4848 	 1039.8132 	 0.0076 	 0.1248 	 0.1081
48 	 11 	 82.0231 	 31.9771 	 171.9373 	 1045.4944 	 1039.7887 	 0.0078 	 0.1234 	 0.1084
49 	 11 	 82.0117 	 31.9655 	 171.9292 	 1045.5111 	 1039.7038 	 0.0080 	 0.1238 	 0.1227
50 	 11 	 82.0115 	 31.9617 	 171.9269 	 1045.4976 	 1039.6790 	 0.0079 	 0.1215 	 0.1195
51 	 11 	 82.0022 	 31.9556 	 171.9243 	 1045.5047 	 1039.6691 	 0.0080 	 0.1208 	 0.1247
52 	 11 	 82.0070 	 31.9514 	 171.9253 	 1045.5246 	 1039.6723 	 0.0080 	 0.1177 	 0.1250
53 	 11 	 82.0032 	 31.9521 	 171.9234 	 1045.5275 	 1039.6776 	 0.0082 	 0.1192 	 0.1276
54 	 11 	 81.9988 	 31.9370 	 171.9243 	 1045.5678 	 1039.5908 	 0.0082 	 0.1200 	 0.1327
55 	 11 	 81.9982 	 31.9270 	 171.9231 	 1045.5511 	 1039.5572 	 0.0083 	 0.1233 	 0.1344
56 	 11 	 82.0009 	 31.9264 	 171.9233 	 1045.5460 	 1039.5761 	 0.0084 	 0.1244 	 0.1369
57 	 11 	 81.9993 	 31.9243 	 171.9221 	 1045.5364 	 1039.5413 	 0.0085 	 0.1311 	 0.1369
58 	 11 	 82.0012 	 31.9090 	 171.9180 	 1045.5518 	 1039.5289 	 0.0087 	 0.1339 	 0.1391
59 	 11 	 81.9989 	 31.9060 	 171.9166 	 1045.5325 	 1039.5954 	 0.0088 	 0.1354 	 0.1387
60 	 11 	 81.9909 	 31.8949 	 171.9096 	 1045.5197 	 1039.6243 	 0.0088 	 0.1393 	 0.1443
61 	 11 	 81.9897 	 31.8867 	 171.9142 	 1045.4787 	 1039.6765 	 0.0091 	 0.1414 	 0.1460
62 	 11 	 81.9852 	 31.8868 	 171.9113 	 1045.4564 	 1039.8013 	 0.0093 	 0.1431 	 0.1446
63 	 11 	 81.9350 	 31.8847 	 171.8955 	 1045.4337 	 1039.8581 	 0.0095 	 0.1625 	 0.1513
64 	 11 	 81.9348 	 31.8873 	 171.9033 	 1045.4308 	 1039.9262 	 0.0099 	 0.1587 	 0.1517
65 	 11 	 81.9317 	 31.8862 	 171.8967 	 1045.4291 	 1039.9521 	 0.0099 	 0.1604 	 0.1512
66 	 11 	 81.9224 	 31.8666 	 171.8896 	 1045.4247 	 1039.9582 	 0.0099 	 0.1599 	 0.1483
67 	 11 	 81.9091 	 31.8584 	 171.8781 	 1045.4261 	 1040.0023 	 0.0101 	 0.1636 	 0.1498
68 	 11 	 81.8865 	 31.8491 	 171.8635 	 1045.4340 	 1039.9266 	 0.0104 	 0.1646 	 0.1500
69 	 11 	 81.8850 	 31.8322 	 171.8668 	 1045.4160 	 1039.9474 	 0.0106 	 0.1693 	 0.1521
70 	 11 	 81.8606 	 31.8248 	 171.8434 	 1045.4143 	 1039.8320 	 0.0106 	 0.1821 	 0.1546
71 	 11 	 81.8572 	 31.8210 	 171.8474 	 1045.4167 	 1039.8554 	 0.0107 	 0.1832 	 0.1544
72 	 11 	 81.8572 	 31.8210 	 171.8474 	 1045.4167 	 1039.8554 	 0.0088 	 0.1450 	 0.1362
73 	 11 	 81.8572 	 31.8210 	 171.8474 	 1045.4167 	 1039.8554 	 0.0088 	 0.1450 	 0.1362
74 	 11 	 81.8572 	 31.8210 	 171.8474 	 1045.4167 	 1039.8554 	 0.0088 	 0.1450 	 0.1362
75 	 11 	 81.8572 	 31.8210 	 171.8474 	 1045.4167 	 1039.8554 	 0.0088 	 0.1450 	 0.1362
76 	 11 	 81.8572 	 31.8210 	 171.8474 	 1045.4167 	 1039.8554 	 0.0088 	 0.1450 	 0.1362
77 	 11 	 81.8572 	 31.8210 	 171.8474 	 1045.4167 	 1039.8554 	 0.0088 	 0.1450 	 0.1362
78 	 11 	 81.8572 	 31.8210 	 171.8474 	 1045.4167 	 1039.8554 	 0.0088 	 0.1450 	 0.1362
79 	 11 	 81.8572 	 31.8210 	 171.8474 	 1045.4167 	 1039.8554 	 0.0088 	 0.1450 	 0.1362
80 	 11 	 81.8572 	 31.8210 	 171.8474 	 1045.4167 	 1039.8554 	 0.0088 	 0.1450 	 0.1362
81 	 11 	 81.8572 	 31.8210 	 171.8474 	 1045.4167 	 1039.8554 	 0.0088 	 0.1450 	 0.1362
82 	 11 	 81.8572 	 31.8210 	 171.8474 	 1045.4167 	 1039.8554 	 0.0088 	 0.1450 	 0.1362
83 	 11 	 81.8572 	 31.8210 	 171.8474 	 1045.4167 	 1039.8554 	 0.0088 	 0.1450 	 0.1362
84 	 11 	 81.8572 	 31.8210 	 171.8474 	 1045.4167 	 1039.8554 	 0.0088 	 0.1450 	 0.1362
85 	 11 	 81.8572 	 31.8210 	 171.8474 	 1045.4167 	 1039.8554 	 0.0088 	 0.1450 	 0.1362
86 	 11 	 81.8572 	 31.8210 	 171.8474 	 1045.4167 	 1039.8554 	 0.0088 	 0.1450 	 0.1362
87 	 11 	 81.8572 	 31.8210 	 171.8474 	 1045.4167 	 1039.8554 	 0.0088 	 0.1450 	 0.1362
88 	 11 	 81.8572 	 31.8210 	 171.8474 	 1045.4167 	 1039.8554 	 0.0088 	 0.1450 	 0.1362
89 	 11 	 81.8572 	 31.8210 	 171.8474 	 1045.4167 	 1039.8554 	 0.0088 	 0.1450 	 0.1362
90 	 11 	 81.8572 	 31.8210 	 171.8474 	 1045.4167 	 1039.8554 	 0.0088 	 0.1450 	 0.1362
91 	 11 	 81.8572 	 31.8210 	 171.8474 	 1045.4167 	 1039.8554 	 0.0088 	 0.1450 	 0.1362
92 	 11 	 81.8572 	 31.8210 	 171.8474 	 1045.4167 	 1039.8554 	 0.0088 	 0.1450 	 0.1362
93 	 11 	 81.8572 	 31.8210 	 171.8474 	 1045.4167 	 1039.8554 	 0.0088 	 0.1450 	 0.1362
94 	 11 	 81.8572 	 31.8210 	 171.8474 	 1045.4167 	 1039.8554 	 0.0088 	 0.1450 	 0.1362
95 	 11 	 81.8572 	 31.8210 	 171.8474 	 1045.4167 	 1039.8554 	 0.0088 	 0.1450 	 0.1362
