[PeltierCCS 1]
	Time [s]	Tcold	Thot	Aout	CoolTime	Tset	Power
Wed Apr 26 07:10:33 2017	 -40.05	  17.67	  42.96	        0	 -40.00	        0
Wed Apr 26 07:10:44 2017	 -40.05	  17.67	  42.96	        0	 -40.00	        0
Wed Apr 26 07:10:54 2017	 -40.06	  17.59	  42.77	        0	 -40.00	        0
Wed Apr 26 07:11:05 2017	 -40.06	  17.56	  42.62	        0	 -40.00	        0
Wed Apr 26 07:11:16 2017	 -40.05	  17.47	  42.62	        0	 -40.00	        0
Wed Apr 26 07:11:26 2017	 -40.06	  17.42	  42.44	        0	 -40.00	        0
Wed Apr 26 07:11:37 2017	 -40.06	  17.33	  42.36	        0	 -40.00	        0
Wed Apr 26 07:11:48 2017	 -40.06	  17.27	  42.25	        0	 -40.00	        0
Wed Apr 26 07:11:58 2017	 -40.06	  17.21	  42.16	        0	 -40.00	        0
Wed Apr 26 07:12:09 2017	 -40.04	  17.16	  42.26	        0	 -40.00	        0
Wed Apr 26 07:12:20 2017	 -40.04	  17.10	  42.14	        0	 -40.00	        0
Wed Apr 26 07:12:30 2017	 -40.05	  17.07	  41.97	        0	 -40.00	        0
Wed Apr 26 07:12:41 2017	 -40.05	  17.13	  41.91	        0	 -40.00	        0
Wed Apr 26 07:12:51 2017	 -40.05	  17.13	  41.77	        0	 -40.00	        0
Wed Apr 26 07:13:02 2017	 -40.03	  17.13	  41.89	        0	 -40.00	        0
Wed Apr 26 07:13:13 2017	 -40.03	  17.16	  41.83	        0	 -40.00	        0
Wed Apr 26 07:13:23 2017	 -40.04	  17.18	  41.67	        0	 -40.00	        0
Wed Apr 26 07:13:34 2017	 -40.03	  17.21	  41.70	        0	 -40.00	        0
Wed Apr 26 07:13:45 2017	 -40.02	  17.24	  41.78	        0	 -40.00	        0
Wed Apr 26 07:13:55 2017	 -40.01	  17.27	  41.91	        0	 -40.00	        0
Wed Apr 26 07:14:06 2017	 -40.01	  17.27	  41.90	        0	 -40.00	        0
Wed Apr 26 07:14:17 2017	 -40.01	  17.30	  41.89	        0	 -40.00	        0
Wed Apr 26 07:14:27 2017	 -39.99	  17.33	  42.06	        0	 -40.00	        0
Wed Apr 26 07:14:38 2017	 -39.98	  17.36	  42.19	        0	 -40.00	        0
Wed Apr 26 07:14:48 2017	 -39.98	  17.36	  42.24	        0	 -40.00	        0
Wed Apr 26 07:14:59 2017	 -39.98	  17.39	  42.21	        0	 -40.00	        0
Wed Apr 26 07:15:10 2017	 -39.99	  17.39	  42.16	        0	 -40.00	        0
Wed Apr 26 07:15:20 2017	 -39.98	  17.42	  42.29	        0	 -40.00	        0
Wed Apr 26 07:15:31 2017	 -39.98	  17.44	  42.36	        0	 -40.00	        0
Wed Apr 26 07:15:42 2017	 -39.98	  17.44	  42.40	        0	 -40.00	        0
Wed Apr 26 07:15:52 2017	 -39.98	  17.47	  42.44	        0	 -40.00	        0
Wed Apr 26 07:16:03 2017	 -39.98	  17.47	  42.48	        0	 -40.00	        0
Wed Apr 26 07:16:14 2017	 -39.98	  17.50	  42.48	        0	 -40.00	        0
Wed Apr 26 07:16:24 2017	 -39.99	  17.53	  42.47	        0	 -40.00	        0
Wed Apr 26 07:16:35 2017	 -39.99	  17.56	  42.47	        0	 -40.00	        0
Wed Apr 26 07:16:46 2017	 -39.99	  17.56	  42.52	        0	 -40.00	        0
Wed Apr 26 07:16:56 2017	 -39.98	  17.56	  42.61	        0	 -40.00	        0
Wed Apr 26 07:17:07 2017	 -40.00	  17.59	  42.41	        0	 -40.00	        0
Wed Apr 26 07:17:17 2017	 -39.98	  17.62	  42.63	        0	 -40.00	        0
Wed Apr 26 07:17:28 2017	 -39.98	  17.62	  42.70	        0	 -40.00	        0
Wed Apr 26 07:17:39 2017	 -39.98	  17.65	  42.73	        0	 -40.00	        0
Wed Apr 26 07:17:49 2017	 -39.98	  17.65	  42.71	        0	 -40.00	        0
Wed Apr 26 07:18:00 2017	 -39.99	  17.65	  42.63	        0	 -40.00	        0
Wed Apr 26 07:18:11 2017	 -40.00	  17.67	  42.57	        0	 -40.00	        0
Wed Apr 26 07:18:21 2017	 -39.99	  17.70	  42.71	        0	 -40.00	        0
Wed Apr 26 07:18:32 2017	 -39.99	  17.73	  42.74	        0	 -40.00	        0
Wed Apr 26 07:18:43 2017	 -39.99	  17.73	  42.78	        0	 -40.00	        0
Wed Apr 26 07:18:53 2017	 -39.99	  17.76	  42.81	        0	 -40.00	        0
Wed Apr 26 07:19:04 2017	 -39.99	  17.76	  42.83	        0	 -40.00	        0
Wed Apr 26 07:19:15 2017	 -39.99	  17.79	  42.76	        0	 -40.00	        0
Wed Apr 26 07:19:25 2017	 -39.98	  17.82	  42.88	        0	 -40.00	        0
Wed Apr 26 07:19:36 2017	 -39.98	  17.82	  42.91	        0	 -40.00	        0
Wed Apr 26 07:19:47 2017	 -39.98	  17.85	  42.95	        0	 -40.00	        0
Wed Apr 26 07:19:57 2017	 -40.00	  17.85	  42.82	        0	 -40.00	        0
Wed Apr 26 07:20:08 2017	 -40.00	  17.88	  42.81	        0	 -40.00	        0
Wed Apr 26 07:20:18 2017	 -39.99	  17.88	  42.86	        0	 -40.00	        0
Wed Apr 26 07:20:29 2017	 -39.98	  17.90	  43.00	        0	 -40.00	        0
Wed Apr 26 07:20:40 2017	 -39.98	  17.93	  43.08	        0	 -40.00	        0
Wed Apr 26 07:20:50 2017	 -39.98	  17.93	  43.12	        0	 -40.00	        0
Wed Apr 26 07:21:01 2017	 -39.98	  17.96	  43.13	        0	 -40.00	        0
Wed Apr 26 07:21:12 2017	 -39.98	  17.99	  43.17	        0	 -40.00	        0
Wed Apr 26 07:21:22 2017	 -39.98	  17.99	  43.18	        0	 -40.00	        0
Wed Apr 26 07:21:33 2017	 -39.98	  18.02	  43.18	        0	 -40.00	        0
Wed Apr 26 07:21:44 2017	 -39.99	  18.02	  43.16	        0	 -40.00	        0
Wed Apr 26 07:21:54 2017	 -39.99	  18.05	  43.12	        0	 -40.00	        0
Wed Apr 26 07:22:05 2017	 -39.99	  18.05	  43.17	        0	 -40.00	        0
Wed Apr 26 07:22:15 2017	 -39.99	  18.08	  43.14	        0	 -40.00	        0
Wed Apr 26 07:22:26 2017	 -40.00	  18.08	  43.12	        0	 -40.00	        0
Wed Apr 26 07:22:37 2017	 -39.98	  18.11	  43.30	        0	 -40.00	        0
Wed Apr 26 07:22:47 2017	 -39.98	  18.13	  43.31	        0	 -40.00	        0
Wed Apr 26 07:22:58 2017	 -39.98	  18.13	  43.37	        0	 -40.00	        0
Wed Apr 26 07:23:09 2017	 -40.00	  18.16	  43.21	        0	 -40.00	        0
Wed Apr 26 07:23:19 2017	 -40.00	  18.16	  43.21	        0	 -40.00	        0
Wed Apr 26 07:23:30 2017	 -39.99	  18.19	  43.34	        0	 -40.00	        0
Wed Apr 26 07:23:41 2017	 -40.00	  18.22	  43.26	        0	 -40.00	        0
Wed Apr 26 07:23:51 2017	 -39.99	  18.22	  43.34	        0	 -40.00	        0
Wed Apr 26 07:24:02 2017	 -39.99	  18.25	  43.31	        0	 -40.00	        0
Wed Apr 26 07:24:12 2017	 -39.98	  18.28	  43.51	        0	 -40.00	        0
Wed Apr 26 07:24:23 2017	 -39.98	  18.28	  43.48	        0	 -40.00	        0
Wed Apr 26 07:24:34 2017	 -39.98	  18.31	  43.50	        0	 -40.00	        0
Wed Apr 26 07:24:44 2017	 -39.98	  18.31	  43.57	        0	 -40.00	        0
Wed Apr 26 07:24:55 2017	 -39.98	  18.34	  43.62	        0	 -40.00	        0
Wed Apr 26 07:25:06 2017	 -39.98	  18.34	  43.64	        0	 -40.00	        0
Wed Apr 26 07:25:16 2017	 -39.98	  18.36	  43.72	        0	 -40.00	        0
Wed Apr 26 07:25:27 2017	 -39.98	  18.39	  43.73	        0	 -40.00	        0
Wed Apr 26 07:25:38 2017	 -39.99	  18.39	  43.71	        0	 -40.00	        0
Wed Apr 26 07:25:48 2017	 -39.98	  18.42	  43.81	        0	 -40.00	        0
Wed Apr 26 07:25:59 2017	 -39.99	  18.42	  43.78	        0	 -40.00	        0
Wed Apr 26 07:26:09 2017	 -40.00	  18.45	  43.58	        0	 -40.00	        0
Wed Apr 26 07:26:20 2017	 -40.00	  18.48	  43.57	        0	 -40.00	        0
Wed Apr 26 07:26:31 2017	 -39.99	  18.48	  43.76	        0	 -40.00	        0
Wed Apr 26 07:26:42 2017	 -39.99	  18.48	  43.80	        0	 -40.00	        0
Wed Apr 26 07:26:52 2017	 -40.00	  18.51	  43.70	        0	 -40.00	        0
Wed Apr 26 07:27:03 2017	 -39.98	  18.51	  43.88	        0	 -40.00	        0
Wed Apr 26 07:27:13 2017	 -40.00	  18.54	  43.65	        0	 -40.00	        0
Wed Apr 26 07:27:24 2017	 -39.99	  18.57	  43.77	        0	 -40.00	        0
Wed Apr 26 07:27:35 2017	 -39.99	  18.57	  43.80	        0	 -40.00	        0
Wed Apr 26 07:27:45 2017	 -39.99	  18.60	  43.77	        0	 -40.00	        0
Wed Apr 26 07:27:56 2017	 -39.98	  18.60	  43.98	        0	 -40.00	        0
Wed Apr 26 07:28:07 2017	 -39.98	  18.62	  43.99	        0	 -40.00	        0
Wed Apr 26 07:28:17 2017	 -39.98	  18.65	  44.02	        0	 -40.00	        0
Wed Apr 26 07:28:28 2017	 -39.98	  18.65	  44.08	        0	 -40.00	        0
Wed Apr 26 07:28:39 2017	 -39.98	  18.68	  44.07	        0	 -40.00	        0
Wed Apr 26 07:28:49 2017	 -39.98	  18.71	  44.13	        0	 -40.00	        0
Wed Apr 26 07:29:00 2017	 -39.98	  18.71	  44.14	        0	 -40.00	        0
Wed Apr 26 07:29:10 2017	 -39.98	  18.74	  44.21	        0	 -40.00	        0
Wed Apr 26 07:29:21 2017	 -39.99	  18.77	  44.12	        0	 -40.00	        0
Wed Apr 26 07:29:32 2017	 -40.00	  18.77	  44.06	        0	 -40.00	        0
Wed Apr 26 07:29:42 2017	 -39.99	  18.80	  44.16	        0	 -40.00	        0
Wed Apr 26 07:29:53 2017	 -39.99	  18.80	  44.17	        0	 -40.00	        0
Wed Apr 26 07:30:04 2017	 -40.00	  18.80	  44.11	        0	 -40.00	        0
Wed Apr 26 07:30:14 2017	 -39.99	  18.83	  44.15	        0	 -40.00	        0
Wed Apr 26 07:30:25 2017	 -39.98	  18.85	  44.32	        0	 -40.00	        0
Wed Apr 26 07:30:36 2017	 -39.98	  18.88	  44.38	        0	 -40.00	        0
Wed Apr 26 07:30:46 2017	 -39.98	  18.88	  44.36	        0	 -40.00	        0
Wed Apr 26 07:30:57 2017	 -39.98	  18.91	  44.39	        0	 -40.00	        0
Wed Apr 26 07:31:07 2017	 -39.98	  18.94	  44.49	        0	 -40.00	        0
Wed Apr 26 07:31:18 2017	 -39.98	  18.94	  44.51	        0	 -40.00	        0
Wed Apr 26 07:31:29 2017	 -39.98	  18.94	  44.56	        0	 -40.00	        0
Wed Apr 26 07:31:39 2017	 -40.00	  18.97	  44.41	        0	 -40.00	        0
Wed Apr 26 07:31:50 2017	 -40.00	  18.97	  44.31	        0	 -40.00	        0
Wed Apr 26 07:32:01 2017	 -40.00	  19.00	  44.34	        0	 -40.00	        0
Wed Apr 26 07:32:11 2017	 -40.01	  19.00	  44.29	        0	 -40.00	        0
Wed Apr 26 07:32:22 2017	 -40.00	  19.03	  44.33	        0	 -40.00	        0
Wed Apr 26 07:32:33 2017	 -40.00	  19.03	  44.36	        0	 -40.00	        0
Wed Apr 26 07:32:43 2017	 -39.98	  19.06	  44.51	        0	 -40.00	        0
Wed Apr 26 07:32:54 2017	 -39.98	  19.08	  44.60	        0	 -40.00	        0
Wed Apr 26 07:33:04 2017	 -39.98	  19.08	  44.61	        0	 -40.00	        0
Wed Apr 26 07:33:15 2017	 -39.99	  19.11	  44.57	        0	 -40.00	        0
Wed Apr 26 07:33:26 2017	 -39.98	  19.11	  44.63	        0	 -40.00	        0
Wed Apr 26 07:33:36 2017	 -39.98	  19.14	  44.67	        0	 -40.00	        0
Wed Apr 26 07:33:47 2017	 -39.99	  19.14	  44.67	        0	 -40.00	        0
Wed Apr 26 07:33:58 2017	 -39.98	  19.17	  44.75	        0	 -40.00	        0
Wed Apr 26 07:34:08 2017	 -39.98	  19.17	  44.78	        0	 -40.00	        0
Wed Apr 26 07:34:19 2017	 -39.98	  19.20	  44.78	        0	 -40.00	        0
Wed Apr 26 07:34:30 2017	 -39.99	  19.23	  44.77	        0	 -40.00	        0
Wed Apr 26 07:34:40 2017	 -39.99	  19.26	  44.71	        0	 -40.00	        0
Wed Apr 26 07:34:51 2017	 -40.00	  19.26	  44.66	        0	 -40.00	        0
Wed Apr 26 07:35:01 2017	 -39.99	  19.26	  44.80	        0	 -40.00	        0
Wed Apr 26 07:35:12 2017	 -39.98	  19.29	  44.91	        0	 -40.00	        0
Wed Apr 26 07:35:23 2017	 -39.99	  19.31	  44.88	        0	 -40.00	        0
Wed Apr 26 07:35:33 2017	 -39.99	  19.31	  44.85	        0	 -40.00	        0
Wed Apr 26 07:35:44 2017	 -39.99	  19.34	  44.86	        0	 -40.00	        0
Wed Apr 26 07:35:55 2017	 -39.98	  19.34	  45.01	        0	 -40.00	        0
Wed Apr 26 07:36:05 2017	 -39.99	  19.37	  44.95	        0	 -40.00	        0
Wed Apr 26 07:36:16 2017	 -39.98	  19.37	  45.05	        0	 -40.00	        0
Wed Apr 26 07:36:27 2017	 -39.98	  19.40	  45.07	        0	 -40.00	        0
Wed Apr 26 07:36:37 2017	 -39.99	  19.40	  45.07	        0	 -40.00	        0
Wed Apr 26 07:36:48 2017	 -40.00	  19.43	  44.96	        0	 -40.00	        0
Wed Apr 26 07:36:58 2017	 -40.00	  19.43	  44.94	        0	 -40.00	        0
Wed Apr 26 07:37:09 2017	 -39.99	  19.46	  45.06	        0	 -40.00	        0
Wed Apr 26 07:37:20 2017	 -39.99	  19.49	  45.08	        0	 -40.00	        0
Wed Apr 26 07:37:30 2017	 -39.99	  19.52	  45.10	        0	 -40.00	        0
Wed Apr 26 07:37:41 2017	 -39.98	  19.52	  45.22	        0	 -40.00	        0
Wed Apr 26 07:37:52 2017	 -39.98	  19.52	  45.24	        0	 -40.00	        0
Wed Apr 26 07:38:02 2017	 -39.99	  19.55	  45.12	        0	 -40.00	        0
Wed Apr 26 07:38:13 2017	 -39.99	  19.57	  45.23	        0	 -40.00	        0
Wed Apr 26 07:38:24 2017	 -39.99	  19.57	  45.22	        0	 -40.00	        0
Wed Apr 26 07:38:34 2017	 -39.98	  19.60	  45.34	        0	 -40.00	        0
Wed Apr 26 07:38:45 2017	 -39.98	  19.60	  45.32	        0	 -40.00	        0
Wed Apr 26 07:38:55 2017	 -39.99	  19.63	  45.25	        0	 -40.00	        0
Wed Apr 26 07:39:06 2017	 -39.99	  19.66	  45.27	        0	 -40.00	        0
Wed Apr 26 07:39:17 2017	 -39.99	  19.66	  45.32	        0	 -40.00	        0
Wed Apr 26 07:39:27 2017	 -39.98	  19.69	  45.45	        0	 -40.00	        0
Wed Apr 26 07:39:38 2017	 -39.98	  19.69	  45.44	        0	 -40.00	        0
Wed Apr 26 07:39:49 2017	 -39.99	  19.72	  45.42	        0	 -40.00	        0
Wed Apr 26 07:39:59 2017	 -40.00	  19.72	  45.34	        0	 -40.00	        0
Wed Apr 26 07:40:10 2017	 -39.99	  19.72	  45.40	        0	 -40.00	        0
Wed Apr 26 07:40:21 2017	 -39.98	  19.75	  45.49	        0	 -40.00	        0
Wed Apr 26 07:40:31 2017	 -39.99	  19.78	  45.43	        0	 -40.00	        0
Wed Apr 26 07:40:42 2017	 -39.99	  19.78	  45.43	        0	 -40.00	        0
Wed Apr 26 07:40:53 2017	 -39.98	  19.80	  45.62	        0	 -40.00	        0
Wed Apr 26 07:41:03 2017	 -39.98	  19.83	  45.65	        0	 -40.00	        0
Wed Apr 26 07:41:14 2017	 -39.98	  19.83	  45.70	        0	 -40.00	        0
Wed Apr 26 07:41:25 2017	 -39.98	  19.83	  45.71	        0	 -40.00	        0
Wed Apr 26 07:41:35 2017	 -39.98	  19.86	  45.74	        0	 -40.00	        0
Wed Apr 26 07:41:46 2017	 -39.98	  19.86	  45.81	        0	 -40.00	        0
Wed Apr 26 07:41:56 2017	 -39.98	  19.89	  45.85	        0	 -40.00	        0
Wed Apr 26 07:42:07 2017	 -39.98	  19.92	  45.88	        0	 -40.00	        0
Wed Apr 26 07:42:18 2017	 -39.99	  19.89	  45.79	        0	 -40.00	        0
Wed Apr 26 07:42:28 2017	 -40.01	  19.86	  45.63	        0	 -40.00	        0
Wed Apr 26 07:42:39 2017	 -40.01	  19.80	  45.62	        0	 -40.00	        0
Wed Apr 26 07:42:50 2017	 -40.01	  19.75	  45.61	        0	 -40.00	        0
Wed Apr 26 07:43:00 2017	 -40.00	  19.69	  45.63	        0	 -40.00	        0
Wed Apr 26 07:43:11 2017	 -40.00	  19.63	  45.62	        0	 -40.00	        0
Wed Apr 26 07:43:21 2017	 -40.00	  19.57	  45.62	        0	 -40.00	        0
Wed Apr 26 07:43:32 2017	 -40.01	  19.52	  45.58	        0	 -40.00	        0
Wed Apr 26 07:43:43 2017	 -40.00	  19.43	  45.58	        0	 -40.00	        0
Wed Apr 26 07:43:53 2017	 -40.01	  19.40	  45.56	        0	 -40.00	        0
Wed Apr 26 07:44:04 2017	 -40.03	  19.31	  45.30	        0	 -40.00	        0
Wed Apr 26 07:44:15 2017	 -40.03	  19.26	  45.20	        0	 -40.00	        0
Wed Apr 26 07:44:25 2017	 -40.04	  19.20	  45.09	        0	 -40.00	        0
Wed Apr 26 07:44:36 2017	 -40.05	  19.11	  44.88	        0	 -40.00	        0
Wed Apr 26 07:44:47 2017	 -40.04	  19.06	  44.88	        0	 -40.00	        0
Wed Apr 26 07:44:57 2017	 -40.06	  19.00	  44.61	        0	 -40.00	        0
Wed Apr 26 07:45:08 2017	 -40.06	  18.94	  44.51	        0	 -40.00	        0
Wed Apr 26 07:45:19 2017	 -40.06	  18.85	  44.40	        0	 -40.00	        0
Wed Apr 26 07:45:29 2017	 -40.04	  18.77	  44.48	        0	 -40.00	        0
Wed Apr 26 07:45:40 2017	 -40.04	  18.74	  44.46	        0	 -40.00	        0
Wed Apr 26 07:45:51 2017	 -40.04	  18.68	  44.43	        0	 -40.00	        0
Wed Apr 26 07:46:01 2017	 -40.03	  18.60	  44.37	        0	 -40.00	        0
Wed Apr 26 07:46:12 2017	 -40.05	  18.54	  44.17	        0	 -40.00	        0
Wed Apr 26 07:46:22 2017	 -40.05	  18.45	  44.11	        0	 -40.00	        0
Wed Apr 26 07:46:33 2017	 -40.05	  18.39	  43.94	        0	 -40.00	        0
Wed Apr 26 07:46:44 2017	 -40.06	  18.31	  43.78	        0	 -40.00	        0
Wed Apr 26 07:46:54 2017	 -40.05	  18.28	  43.73	        0	 -40.00	        0
Wed Apr 26 07:47:05 2017	 -40.06	  18.19	  43.56	        0	 -40.00	        0
Wed Apr 26 07:47:16 2017	 -40.06	  18.13	  43.46	        0	 -40.00	        0
Wed Apr 26 07:47:26 2017	 -40.05	  18.08	  43.51	        0	 -40.00	        0
Wed Apr 26 07:47:37 2017	 -40.06	  18.02	  43.31	        0	 -40.00	        0
Wed Apr 26 07:47:48 2017	 -40.04	  17.93	  43.38	        0	 -40.00	        0
Wed Apr 26 07:47:58 2017	 -40.05	  17.88	  43.17	        0	 -40.00	        0
Wed Apr 26 07:48:09 2017	 -40.04	  17.79	  43.20	        0	 -40.00	        0
Wed Apr 26 07:48:20 2017	 -40.03	  17.76	  43.21	        0	 -40.00	        0
Wed Apr 26 07:48:30 2017	 -40.04	  17.67	  43.07	        0	 -40.00	        0
Wed Apr 26 07:48:41 2017	 -40.04	  17.62	  43.01	        0	 -40.00	        0
Wed Apr 26 07:48:52 2017	 -40.04	  17.53	  42.90	        0	 -40.00	        0
Wed Apr 26 07:49:02 2017	 -40.05	  17.47	  42.71	        0	 -40.00	        0
Wed Apr 26 07:49:13 2017	 -40.06	  17.42	  42.59	        0	 -40.00	        0
Wed Apr 26 07:49:24 2017	 -40.06	  17.36	  42.48	        0	 -40.00	        0
Wed Apr 26 07:49:34 2017	 -40.06	  17.30	  42.40	        0	 -40.00	        0
Wed Apr 26 07:49:45 2017	 -40.06	  17.24	  42.23	        0	 -40.00	        0
Wed Apr 26 07:49:55 2017	 -40.05	  17.18	  42.23	        0	 -40.00	        0
Wed Apr 26 07:50:06 2017	 -40.04	  17.10	  42.23	        0	 -40.00	        0
Wed Apr 26 07:50:17 2017	 -40.04	  17.07	  42.21	        0	 -40.00	        0
Wed Apr 26 07:50:27 2017	 -40.04	  16.98	  42.09	        0	 -40.00	        0
Wed Apr 26 07:50:38 2017	 -40.05	  16.98	  41.99	        0	 -40.00	        0
Wed Apr 26 07:50:49 2017	 -40.05	  16.95	  41.82	        0	 -40.00	        0
Wed Apr 26 07:50:59 2017	 -40.04	  16.98	  41.93	        0	 -40.00	        0
Wed Apr 26 07:51:10 2017	 -40.04	  17.01	  41.84	        0	 -40.00	        0
Wed Apr 26 07:51:21 2017	 -40.03	  17.04	  41.82	        0	 -40.00	        0
Wed Apr 26 07:51:31 2017	 -40.03	  17.07	  41.76	        0	 -40.00	        0
Wed Apr 26 07:51:42 2017	 -40.03	  17.10	  41.71	        0	 -40.00	        0
Wed Apr 26 07:51:52 2017	 -40.01	  17.10	  41.89	        0	 -40.00	        0
Wed Apr 26 07:52:03 2017	 -40.01	  17.13	  41.93	        0	 -40.00	        0
Wed Apr 26 07:52:14 2017	 -40.01	  17.16	  41.93	        0	 -40.00	        0
Wed Apr 26 07:52:24 2017	 -40.00	  17.18	  41.97	        0	 -40.00	        0
Wed Apr 26 07:52:35 2017	 -39.99	  17.18	  42.08	        0	 -40.00	        0
Wed Apr 26 07:52:46 2017	 -39.98	  17.21	  42.16	        0	 -40.00	        0
Wed Apr 26 07:52:56 2017	 -39.98	  17.24	  42.26	        0	 -40.00	        0
Wed Apr 26 07:53:07 2017	 -39.99	  17.24	  42.22	        0	 -40.00	        0
Wed Apr 26 07:53:18 2017	 -39.98	  17.27	  42.26	        0	 -40.00	        0
Wed Apr 26 07:53:28 2017	 -39.98	  17.30	  42.31	        0	 -40.00	        0
Wed Apr 26 07:53:39 2017	 -39.99	  17.30	  42.26	        0	 -40.00	        0
Wed Apr 26 07:53:50 2017	 -39.99	  17.33	  42.23	        0	 -40.00	        0
Wed Apr 26 07:54:00 2017	 -39.99	  17.36	  42.33	        0	 -40.00	        0
Wed Apr 26 07:54:11 2017	 -39.98	  17.36	  42.37	        0	 -40.00	        0
Wed Apr 26 07:54:21 2017	 -39.98	  17.36	  42.42	        0	 -40.00	        0
Wed Apr 26 07:54:32 2017	 -39.98	  17.39	  42.45	        0	 -40.00	        0
Wed Apr 26 07:54:43 2017	 -39.98	  17.42	  42.49	        0	 -40.00	        0
Wed Apr 26 07:54:53 2017	 -39.99	  17.42	  42.46	        0	 -40.00	        0
Wed Apr 26 07:55:04 2017	 -39.98	  17.44	  42.55	        0	 -40.00	        0
Wed Apr 26 07:55:15 2017	 -39.99	  17.47	  42.47	        0	 -40.00	        0
Wed Apr 26 07:55:25 2017	 -39.98	  17.47	  42.57	        0	 -40.00	        0
Wed Apr 26 07:55:36 2017	 -39.98	  17.50	  42.67	        0	 -40.00	        0
Wed Apr 26 07:55:47 2017	 -39.98	  17.50	  42.69	        0	 -40.00	        0
Wed Apr 26 07:55:57 2017	 -39.99	  17.53	  42.66	        0	 -40.00	        0
Wed Apr 26 07:56:08 2017	 -39.99	  17.56	  42.60	        0	 -40.00	        0
Wed Apr 26 07:56:18 2017	 -39.99	  17.56	  42.63	        0	 -40.00	        0
Wed Apr 26 07:56:29 2017	 -39.99	  17.59	  42.62	        0	 -40.00	        0
Wed Apr 26 07:56:40 2017	 -39.98	  17.59	  42.77	        0	 -40.00	        0
Wed Apr 26 07:56:50 2017	 -39.98	  17.62	  42.81	        0	 -40.00	        0
Wed Apr 26 07:57:01 2017	 -39.99	  17.65	  42.79	        0	 -40.00	        0
Wed Apr 26 07:57:12 2017	 -39.99	  17.65	  42.81	        0	 -40.00	        0
Wed Apr 26 07:57:22 2017	 -39.99	  17.67	  42.81	        0	 -40.00	        0
Wed Apr 26 07:57:33 2017	 -39.99	  17.67	  42.85	        0	 -40.00	        0
Wed Apr 26 07:57:44 2017	 -40.01	  17.70	  42.68	        0	 -40.00	        0
Wed Apr 26 07:57:54 2017	 -40.00	  17.73	  42.73	        0	 -40.00	        0
Wed Apr 26 07:58:05 2017	 -39.99	  17.73	  42.82	        0	 -40.00	        0
Wed Apr 26 07:58:16 2017	 -39.99	  17.76	  42.87	        0	 -40.00	        0
Wed Apr 26 07:58:26 2017	 -39.99	  17.76	  42.84	        0	 -40.00	        0
Wed Apr 26 07:58:37 2017	 -40.00	  17.79	  42.81	        0	 -40.00	        0
Wed Apr 26 07:58:47 2017	 -39.99	  17.79	  42.90	        0	 -40.00	        0
Wed Apr 26 07:58:58 2017	 -39.99	  17.79	  42.96	        0	 -40.00	        0
Wed Apr 26 07:59:09 2017	 -39.98	  17.82	  43.00	        0	 -40.00	        0
Wed Apr 26 07:59:19 2017	 -39.99	  17.85	  42.94	        0	 -40.00	        0
Wed Apr 26 07:59:30 2017	 -39.98	  17.88	  43.04	        0	 -40.00	        0
Wed Apr 26 07:59:41 2017	 -39.99	  17.90	  43.04	        0	 -40.00	        0
Wed Apr 26 07:59:51 2017	 -40.00	  17.90	  42.93	        0	 -40.00	        0
Wed Apr 26 08:00:02 2017	 -39.98	  17.90	  43.15	        0	 -40.00	        0
Wed Apr 26 08:00:13 2017	 -39.98	  17.93	  43.15	        0	 -40.00	        0
Wed Apr 26 08:00:23 2017	 -39.99	  17.96	  43.14	        0	 -40.00	        0
Wed Apr 26 08:00:34 2017	 -39.98	  17.96	  43.24	        0	 -40.00	        0
Wed Apr 26 08:00:44 2017	 -39.98	  18.02	  43.30	        0	 -40.00	        0
Wed Apr 26 08:00:55 2017	 -39.99	  17.99	  43.25	        0	 -40.00	        0
Wed Apr 26 08:01:06 2017	 -39.99	  18.02	  43.24	        0	 -40.00	        0
Wed Apr 26 08:01:16 2017	 -40.00	  18.05	  43.11	        0	 -40.00	        0
Wed Apr 26 08:01:27 2017	 -39.99	  18.08	  43.29	        0	 -40.00	        0
Wed Apr 26 08:01:38 2017	 -39.99	  18.08	  43.27	        0	 -40.00	        0
Wed Apr 26 08:01:48 2017	 -39.99	  18.11	  43.33	        0	 -40.00	        0
Wed Apr 26 08:01:59 2017	 -39.98	  18.11	  43.41	        0	 -40.00	        0
Wed Apr 26 08:02:09 2017	 -39.98	  18.11	  43.42	        0	 -40.00	        0
Wed Apr 26 08:02:20 2017	 -40.00	  18.13	  43.26	        0	 -40.00	        0
Wed Apr 26 08:02:31 2017	 -39.99	  18.16	  43.42	        0	 -40.00	        0
Wed Apr 26 08:02:41 2017	 -39.98	  18.16	  43.52	        0	 -40.00	        0
Wed Apr 26 08:02:52 2017	 -39.98	  18.19	  43.50	        0	 -40.00	        0
Wed Apr 26 08:03:03 2017	 -39.99	  18.19	  43.51	        0	 -40.00	        0
Wed Apr 26 08:03:13 2017	 -39.99	  18.22	  43.45	        0	 -40.00	        0
Wed Apr 26 08:03:24 2017	 -40.00	  18.25	  43.42	        0	 -40.00	        0
Wed Apr 26 08:03:35 2017	 -40.00	  18.25	  43.38	        0	 -40.00	        0
Wed Apr 26 08:03:45 2017	 -40.00	  18.28	  43.37	        0	 -40.00	        0
Wed Apr 26 08:03:56 2017	 -39.98	  18.28	  43.58	        0	 -40.00	        0
Wed Apr 26 08:04:07 2017	 -39.98	  18.31	  43.65	        0	 -40.00	        0
Wed Apr 26 08:04:17 2017	 -39.99	  18.31	  43.63	        0	 -40.00	        0
Wed Apr 26 08:04:28 2017	 -39.98	  18.34	  43.74	        0	 -40.00	        0
Wed Apr 26 08:04:39 2017	 -39.98	  18.34	  43.78	        0	 -40.00	        0
Wed Apr 26 08:04:49 2017	 -39.98	  18.36	  43.82	        0	 -40.00	        0
