[CryoJet 1]
	Time [s]	Temp T[k]	TSet	Shield flow	Sample flow	Heater pow[R5]	Heater pow[R6]	Run	Frame
Wed Apr 26 07:10:33 2017	 173.00	 173.00	   3.00	   3.00	  21.80	  10.40	 1	 0
Wed Apr 26 07:10:44 2017	 173.00	 173.00	   3.00	   3.00	  21.70	  10.40	 1	 0
Wed Apr 26 07:10:54 2017	 173.00	 173.00	   3.00	   3.00	  21.70	  10.40	 1	 0
Wed Apr 26 07:11:05 2017	 173.00	 173.00	   3.00	   3.00	  21.70	  10.40	 1	 2
Wed Apr 26 07:11:16 2017	 173.00	 173.00	   3.00	   3.00	  21.70	  10.40	 1	 4
Wed Apr 26 07:11:26 2017	 173.00	 173.00	   3.00	   3.00	  21.70	  10.40	 1	 6
Wed Apr 26 07:11:37 2017	 173.00	 173.00	   3.00	   3.00	  21.70	  10.40	 1	 8
Wed Apr 26 07:11:48 2017	 173.00	 173.00	   3.00	   3.00	  21.60	  10.40	 1	 10
Wed Apr 26 07:11:58 2017	 173.00	 173.00	   3.00	   3.00	  21.60	  10.40	 1	 13
Wed Apr 26 07:12:09 2017	 173.00	 173.00	   3.00	   3.00	  21.70	  10.40	 1	 15
Wed Apr 26 07:12:19 2017	 173.00	 173.00	   3.00	   3.00	  21.70	  10.40	 1	 17
Wed Apr 26 07:12:30 2017	 173.00	 173.00	   3.00	   3.00	  22.10	  10.60	 1	 19
Wed Apr 26 07:12:41 2017	 173.00	 173.00	   3.00	   3.00	  22.30	  10.70	 1	 21
Wed Apr 26 07:12:51 2017	 173.00	 173.00	   3.00	   3.00	  22.40	  10.80	 1	 23
Wed Apr 26 07:13:02 2017	 172.90	 173.00	   3.00	   3.00	  22.50	  10.80	 1	 25
Wed Apr 26 07:13:13 2017	 172.90	 173.00	   3.00	   3.00	  22.50	  10.80	 1	 28
Wed Apr 26 07:13:23 2017	 172.90	 173.00	   3.00	   3.00	  22.50	  10.80	 1	 30
Wed Apr 26 07:13:34 2017	 172.90	 173.00	   3.00	   3.00	  22.50	  10.80	 1	 32
Wed Apr 26 07:13:44 2017	 173.00	 173.00	   3.00	   3.00	  22.30	  10.70	 1	 34
Wed Apr 26 07:13:55 2017	 173.00	 173.00	   3.00	   3.00	  22.20	  10.70	 1	 36
Wed Apr 26 07:14:06 2017	 173.00	 173.00	   3.00	   3.00	  22.00	  10.50	 1	 38
Wed Apr 26 07:14:16 2017	 173.00	 173.00	   3.00	   3.00	  21.90	  10.50	 1	 40
Wed Apr 26 07:14:27 2017	 173.00	 173.00	   3.00	   3.00	  21.90	  10.50	 1	 42
Wed Apr 26 07:14:38 2017	 173.00	 173.00	   3.00	   3.00	  21.70	  10.40	 1	 44
Wed Apr 26 07:14:48 2017	 173.00	 173.00	   3.00	   3.00	  21.60	  10.40	 1	 47
Wed Apr 26 07:14:59 2017	 173.00	 173.00	   3.00	   3.00	  21.50	  10.30	 1	 49
Wed Apr 26 07:15:09 2017	 173.00	 173.00	   3.00	   3.00	  21.60	  10.40	 1	 50
Wed Apr 26 07:15:20 2017	 173.10	 173.00	   3.00	   3.00	  21.40	  10.30	 1	 50
Wed Apr 26 07:15:31 2017	 173.10	 173.00	   3.00	   3.00	  21.40	  10.20	 1	 50
Wed Apr 26 07:15:41 2017	 173.10	 173.00	   3.00	   3.00	  21.40	  10.30	 1	 52
Wed Apr 26 07:15:52 2017	 173.10	 173.00	   3.00	   3.00	  21.30	  10.20	 1	 54
Wed Apr 26 07:16:03 2017	 173.10	 173.00	   3.00	   3.00	  21.20	  10.20	 1	 56
Wed Apr 26 07:16:13 2017	 173.10	 173.00	   3.00	   3.00	  21.30	  10.20	 1	 59
Wed Apr 26 07:16:24 2017	 173.10	 173.00	   3.00	   3.00	  21.30	  10.20	 1	 61
Wed Apr 26 07:16:34 2017	 173.10	 173.00	   3.00	   3.00	  21.20	  10.20	 1	 63
Wed Apr 26 07:16:45 2017	 173.10	 173.00	   3.00	   3.00	  21.20	  10.20	 1	 65
Wed Apr 26 07:16:56 2017	 173.10	 173.00	   3.00	   3.00	  21.20	  10.20	 1	 67
Wed Apr 26 07:17:06 2017	 173.10	 173.00	   3.00	   3.00	  21.40	  10.30	 1	 69
Wed Apr 26 07:17:17 2017	 173.10	 173.00	   3.00	   3.00	  21.40	  10.30	 1	 71
Wed Apr 26 07:17:28 2017	 173.10	 173.00	   3.00	   3.00	  21.40	  10.30	 1	 73
Wed Apr 26 07:17:38 2017	 173.10	 173.00	   3.00	   3.00	  21.50	  10.30	 1	 76
Wed Apr 26 07:17:49 2017	 173.10	 173.00	   3.00	   3.00	  21.50	  10.30	 1	 78
Wed Apr 26 07:17:59 2017	 173.00	 173.00	   3.00	   3.00	  21.50	  10.30	 1	 80
Wed Apr 26 07:18:10 2017	 173.00	 173.00	   3.00	   3.00	  21.70	  10.30	 1	 82
Wed Apr 26 07:18:21 2017	 173.00	 173.00	   3.00	   3.00	  21.60	  10.40	 1	 84
Wed Apr 26 07:18:31 2017	 173.00	 173.00	   3.00	   3.00	  21.60	  10.40	 1	 86
Wed Apr 26 07:18:42 2017	 173.00	 173.00	   3.00	   3.00	  21.70	  10.40	 1	 88
Wed Apr 26 07:18:53 2017	 173.00	 173.00	   3.00	   3.00	  21.60	  10.40	 1	 88
Wed Apr 26 07:19:03 2017	 173.00	 173.00	   3.00	   3.00	  21.70	  10.40	 2	 2
Wed Apr 26 07:19:14 2017	 173.00	 173.00	   3.00	   3.00	  21.70	  10.40	 2	 5
Wed Apr 26 07:19:24 2017	 173.00	 173.00	   3.00	   3.00	  21.80	  10.50	 2	 7
Wed Apr 26 07:19:35 2017	 173.00	 173.00	   3.00	   3.00	  21.90	  10.50	 2	 9
Wed Apr 26 07:19:46 2017	 173.00	 173.00	   3.00	   3.00	  21.90	  10.50	 2	 11
Wed Apr 26 07:19:56 2017	 173.00	 173.00	   3.00	   3.00	  21.80	  10.50	 2	 12
Wed Apr 26 07:20:07 2017	 173.00	 173.00	   3.00	   3.00	  21.80	  10.50	 2	 12
Wed Apr 26 07:20:18 2017	 173.00	 173.00	   3.00	   3.00	  21.80	  10.50	 2	 12
Wed Apr 26 07:20:28 2017	 173.00	 173.00	   3.00	   3.00	  21.90	  10.50	 2	 12
Wed Apr 26 07:20:39 2017	 173.00	 173.00	   3.00	   3.00	  21.90	  10.50	 2	 12
Wed Apr 26 07:20:49 2017	 173.00	 173.00	   3.00	   3.00	  21.80	  10.50	 2	 14
Wed Apr 26 07:21:00 2017	 173.00	 173.00	   3.00	   3.00	  21.80	  10.50	 2	 17
Wed Apr 26 07:21:11 2017	 173.00	 173.00	   3.00	   3.00	  21.90	  10.50	 2	 19
Wed Apr 26 07:21:21 2017	 173.00	 173.00	   3.00	   3.00	  21.80	  10.50	 2	 21
Wed Apr 26 07:21:32 2017	 173.00	 173.00	   3.00	   3.00	  21.70	  10.40	 2	 23
Wed Apr 26 07:21:43 2017	 173.00	 173.00	   3.00	   3.00	  21.70	  10.40	 2	 25
Wed Apr 26 07:21:53 2017	 173.00	 173.00	   3.00	   3.00	  21.80	  10.50	 2	 27
Wed Apr 26 07:22:04 2017	 173.00	 173.00	   3.00	   3.00	  21.70	  10.40	 2	 29
Wed Apr 26 07:22:15 2017	 173.00	 173.00	   3.00	   3.00	  21.70	  10.40	 2	 31
Wed Apr 26 07:22:25 2017	 173.00	 173.00	   3.00	   3.00	  21.70	  10.40	 2	 34
Wed Apr 26 07:22:36 2017	 173.00	 173.00	   3.00	   3.00	  21.80	  10.50	 2	 36
Wed Apr 26 07:22:46 2017	 173.00	 173.00	   3.00	   3.00	  21.80	  10.40	 2	 38
Wed Apr 26 07:22:57 2017	 173.00	 173.00	   3.00	   3.00	  21.80	  10.50	 2	 40
Wed Apr 26 07:23:08 2017	 173.00	 173.00	   3.00	   3.00	  21.80	  10.50	 2	 42
Wed Apr 26 07:23:18 2017	 173.00	 173.00	   3.00	   3.00	  21.90	  10.50	 2	 44
Wed Apr 26 07:23:29 2017	 173.00	 173.00	   3.00	   3.00	  21.90	  10.50	 2	 46
Wed Apr 26 07:23:39 2017	 173.00	 173.00	   3.00	   3.00	  21.90	  10.50	 2	 49
Wed Apr 26 07:23:50 2017	 173.00	 173.00	   3.00	   3.00	  21.90	  10.50	 2	 51
Wed Apr 26 07:24:01 2017	 173.00	 173.00	   3.00	   3.00	  21.90	  10.50	 2	 53
Wed Apr 26 07:24:11 2017	 173.00	 173.00	   3.00	   3.00	  21.90	  10.50	 2	 55
Wed Apr 26 07:24:22 2017	 173.00	 173.00	   3.00	   3.00	  22.00	  10.50	 2	 57
Wed Apr 26 07:24:33 2017	 173.00	 173.00	   3.00	   3.00	  22.00	  10.50	 2	 59
Wed Apr 26 07:24:43 2017	 173.00	 173.00	   3.00	   3.00	  22.10	  10.60	 2	 61
Wed Apr 26 07:24:54 2017	 173.00	 173.00	   3.00	   3.00	  22.00	  10.60	 2	 62
Wed Apr 26 07:25:04 2017	 172.90	 173.00	   3.00	   3.00	  22.10	  10.60	 2	 62
Wed Apr 26 07:25:15 2017	 173.00	 173.00	   3.00	   3.00	  22.10	  10.60	 2	 62
Wed Apr 26 07:25:26 2017	 172.90	 173.00	   3.00	   3.00	  22.10	  10.60	 2	 62
Wed Apr 26 07:25:36 2017	 173.00	 173.00	   3.00	   3.00	  22.00	  10.60	 2	 63
Wed Apr 26 07:25:47 2017	 173.00	 173.00	   3.00	   3.00	  22.00	  10.60	 2	 65
Wed Apr 26 07:25:58 2017	 173.00	 173.00	   3.00	   3.00	  22.10	  10.60	 2	 67
Wed Apr 26 07:26:08 2017	 173.00	 173.00	   3.00	   3.00	  22.10	  10.60	 2	 69
Wed Apr 26 07:26:19 2017	 173.00	 173.00	   3.00	   3.00	  22.00	  10.60	 2	 71
Wed Apr 26 07:26:30 2017	 173.00	 173.00	   3.00	   3.00	  22.00	  10.50	 2	 73
Wed Apr 26 07:26:40 2017	 173.00	 173.00	   3.00	   3.00	  22.00	  10.60	 2	 75
Wed Apr 26 07:26:51 2017	 173.00	 173.00	   3.00	   3.00	  22.00	  10.60	 2	 78
Wed Apr 26 07:27:01 2017	 173.00	 173.00	   3.00	   3.00	  22.00	  10.50	 2	 80
Wed Apr 26 07:27:12 2017	 173.00	 173.00	   3.00	   3.00	  22.10	  10.60	 2	 82
Wed Apr 26 07:27:23 2017	 173.00	 173.00	   3.00	   3.00	  22.10	  10.60	 2	 84
Wed Apr 26 07:27:33 2017	 173.00	 173.00	   3.00	   3.00	  22.20	  10.70	 2	 86
Wed Apr 26 07:27:44 2017	 173.00	 173.00	   3.00	   3.00	  22.20	  10.60	 2	 88
Wed Apr 26 07:27:54 2017	 173.00	 173.00	   3.00	   3.00	  22.20	  10.60	 2	 90
Wed Apr 26 07:28:05 2017	 173.00	 173.00	   3.00	   3.00	  21.90	  10.50	 2	 93
Wed Apr 26 07:28:16 2017	 173.00	 173.00	   3.00	   3.00	  21.90	  10.50	 2	 95
Wed Apr 26 07:28:26 2017	 173.00	 173.00	   3.00	   3.00	  21.90	  10.50	 2	 96
Wed Apr 26 07:28:37 2017	 173.00	 173.00	   3.00	   3.00	  21.80	  10.50	 2	 96
Wed Apr 26 07:28:48 2017	 173.00	 173.00	   3.00	   3.00	  21.80	  10.50	 3	 2
Wed Apr 26 07:28:58 2017	 173.00	 173.00	   3.00	   3.00	  21.80	  10.50	 3	 4
Wed Apr 26 07:29:09 2017	 173.00	 173.00	   3.00	   3.00	  21.80	  10.40	 3	 6
Wed Apr 26 07:29:19 2017	 173.00	 173.00	   3.00	   3.00	  21.80	  10.50	 3	 9
Wed Apr 26 07:29:30 2017	 173.00	 173.00	   3.00	   3.00	  21.70	  10.50	 3	 11
Wed Apr 26 07:29:41 2017	 173.00	 173.00	   3.00	   3.00	  21.80	  10.40	 3	 13
Wed Apr 26 07:29:51 2017	 173.00	 173.00	   3.00	   3.00	  21.80	  10.50	 3	 15
Wed Apr 26 07:30:02 2017	 173.00	 173.00	   3.00	   3.00	  21.90	  10.50	 3	 16
Wed Apr 26 07:30:13 2017	 173.00	 173.00	   3.00	   3.00	  22.00	  10.60	 3	 16
Wed Apr 26 07:30:23 2017	 173.00	 173.00	   3.00	   3.00	  22.00	  10.50	 3	 16
Wed Apr 26 07:30:34 2017	 173.00	 173.00	   3.00	   3.00	  22.00	  10.50	 3	 16
Wed Apr 26 07:30:44 2017	 173.00	 173.00	   3.00	   3.00	  22.10	  10.60	 3	 16
Wed Apr 26 07:30:55 2017	 173.00	 173.00	   3.00	   3.00	  22.00	  10.60	 3	 16
Wed Apr 26 07:31:06 2017	 173.00	 173.00	   3.00	   3.00	  21.90	  10.50	 3	 18
Wed Apr 26 07:31:16 2017	 173.00	 173.00	   3.00	   3.00	  21.90	  10.50	 3	 20
Wed Apr 26 07:31:27 2017	 173.00	 173.00	   3.00	   3.00	  21.90	  10.50	 3	 22
Wed Apr 26 07:31:38 2017	 173.00	 173.00	   3.00	   3.00	  21.90	  10.50	 3	 24
Wed Apr 26 07:31:48 2017	 173.00	 173.00	   3.00	   3.00	  21.90	  10.50	 3	 27
Wed Apr 26 07:31:59 2017	 173.00	 173.00	   3.00	   3.00	  21.90	  10.50	 3	 29
Wed Apr 26 07:32:09 2017	 173.00	 173.00	   3.00	   3.00	  21.90	  10.50	 3	 31
Wed Apr 26 07:32:20 2017	 173.00	 173.00	   3.00	   3.00	  21.80	  10.50	 3	 33
Wed Apr 26 07:32:31 2017	 173.00	 173.00	   3.00	   3.00	  21.80	  10.50	 3	 35
Wed Apr 26 07:32:41 2017	 173.00	 173.00	   3.00	   3.00	  21.80	  10.50	 3	 37
Wed Apr 26 07:32:52 2017	 173.00	 173.00	   3.00	   3.00	  21.90	  10.50	 3	 39
Wed Apr 26 07:33:03 2017	 173.00	 173.00	   3.00	   3.00	  21.90	  10.50	 3	 39
Wed Apr 26 07:33:13 2017	 173.00	 173.00	   3.00	   3.00	  21.90	  10.50	 4	 2
Wed Apr 26 07:33:24 2017	 173.00	 173.00	   3.00	   3.00	  21.80	  10.50	 4	 4
Wed Apr 26 07:33:34 2017	 173.00	 173.00	   3.00	   3.00	  21.90	  10.50	 4	 6
Wed Apr 26 07:33:45 2017	 173.00	 173.00	   3.00	   3.00	  21.80	  10.40	 4	 8
Wed Apr 26 07:33:56 2017	 173.00	 173.00	   3.00	   3.00	  21.80	  10.50	 4	 10
Wed Apr 26 07:34:06 2017	 173.00	 173.00	   3.00	   3.00	  21.80	  10.40	 4	 12
Wed Apr 26 07:34:17 2017	 173.00	 173.00	   3.00	   3.00	  21.70	  10.40	 4	 15
Wed Apr 26 07:34:28 2017	 173.00	 173.00	   3.00	   3.00	  21.70	  10.40	 4	 17
Wed Apr 26 07:34:38 2017	 173.00	 173.00	   3.00	   3.00	  21.70	  10.40	 4	 19
Wed Apr 26 07:34:49 2017	 173.00	 173.00	   3.00	   3.00	  21.90	  10.50	 4	 21
Wed Apr 26 07:34:59 2017	 173.00	 173.00	   3.00	   3.00	  21.80	  10.50	 4	 23
Wed Apr 26 07:35:10 2017	 173.00	 173.00	   3.00	   3.00	  21.70	  10.40	 4	 25
Wed Apr 26 07:35:21 2017	 173.00	 173.00	   3.00	   3.00	  21.70	  10.40	 4	 27
Wed Apr 26 07:35:31 2017	 173.00	 173.00	   3.00	   3.00	  21.80	  10.40	 4	 27
Wed Apr 26 07:35:42 2017	 173.00	 173.00	   3.00	   3.00	  21.80	  10.50	 4	 27
Wed Apr 26 07:35:52 2017	 173.00	 173.00	   3.00	   3.00	  22.00	  10.50	 4	 27
Wed Apr 26 07:36:03 2017	 173.00	 173.00	   3.00	   3.00	  22.00	  10.50	 4	 27
Wed Apr 26 07:36:14 2017	 173.00	 173.00	   3.00	   3.00	  22.00	  10.50	 4	 28
Wed Apr 26 07:36:24 2017	 173.00	 173.00	   3.00	   3.00	  21.90	  10.50	 4	 30
Wed Apr 26 07:36:35 2017	 173.00	 173.00	   3.00	   3.00	  22.00	  10.60	 4	 32
Wed Apr 26 07:36:46 2017	 173.00	 173.00	   3.00	   3.00	  22.00	  10.60	 4	 34
Wed Apr 26 07:36:56 2017	 173.00	 173.00	   3.00	   3.00	  22.00	  10.60	 4	 37
Wed Apr 26 07:37:07 2017	 173.00	 173.00	   3.00	   3.00	  22.10	  10.60	 4	 39
Wed Apr 26 07:37:17 2017	 173.00	 173.00	   3.00	   3.00	  22.10	  10.60	 4	 41
Wed Apr 26 07:37:28 2017	 173.00	 173.00	   3.00	   3.00	  22.10	  10.60	 4	 41
Wed Apr 26 07:37:39 2017	 173.00	 173.00	   3.00	   3.00	  22.10	  10.60	 5	 2
Wed Apr 26 07:37:49 2017	 173.00	 173.00	   3.00	   3.00	  22.10	  10.60	 5	 4
Wed Apr 26 07:38:00 2017	 173.00	 173.00	   3.00	   3.00	  22.10	  10.60	 5	 6
Wed Apr 26 07:38:11 2017	 173.00	 173.00	   3.00	   3.00	  22.10	  10.60	 5	 8
Wed Apr 26 07:38:21 2017	 173.00	 173.00	   3.00	   3.00	  22.10	  10.60	 5	 11
Wed Apr 26 07:38:32 2017	 173.00	 173.00	   3.00	   3.00	  22.10	  10.60	 5	 13
Wed Apr 26 07:38:42 2017	 173.00	 173.00	   3.00	   3.00	  22.10	  10.60	 5	 15
Wed Apr 26 07:38:53 2017	 173.00	 173.00	   3.00	   3.00	  21.90	  10.50	 5	 17
Wed Apr 26 07:39:04 2017	 173.00	 173.00	   3.00	   3.00	  21.90	  10.50	 5	 19
Wed Apr 26 07:39:14 2017	 173.00	 173.00	   3.00	   3.00	  22.00	  10.50	 5	 21
Wed Apr 26 07:39:25 2017	 173.00	 173.00	   3.00	   3.00	  22.00	  10.60	 5	 23
Wed Apr 26 07:39:36 2017	 173.00	 173.00	   3.00	   3.00	  22.00	  10.60	 5	 25
Wed Apr 26 07:39:46 2017	 173.00	 173.00	   3.00	   3.00	  21.90	  10.50	 5	 28
Wed Apr 26 07:39:57 2017	 173.00	 173.00	   3.00	   3.00	  21.90	  10.50	 5	 30
Wed Apr 26 07:40:07 2017	 173.00	 173.00	   3.00	   3.00	  21.90	  10.50	 5	 32
Wed Apr 26 07:40:18 2017	 173.00	 173.00	   3.00	   3.00	  21.90	  10.50	 5	 34
Wed Apr 26 07:40:29 2017	 173.00	 173.00	   3.00	   3.00	  21.80	  10.40	 5	 36
Wed Apr 26 07:40:39 2017	 173.00	 173.00	   3.00	   3.00	  21.80	  10.50	 5	 36
Wed Apr 26 07:40:50 2017	 173.00	 173.00	   3.00	   3.00	  21.70	  10.40	 5	 36
Wed Apr 26 07:41:01 2017	 173.00	 173.00	   3.00	   3.00	  21.90	  10.50	 5	 36
Wed Apr 26 07:41:11 2017	 173.00	 173.00	   3.00	   3.00	  22.00	  10.50	 5	 36
Wed Apr 26 07:41:22 2017	 173.00	 173.00	   3.00	   3.00	  22.00	  10.60	 5	 37
Wed Apr 26 07:41:32 2017	 173.00	 173.00	   3.00	   3.00	  22.00	  10.50	 5	 39
Wed Apr 26 07:41:43 2017	 173.00	 173.00	   3.00	   3.00	  22.00	  10.50	 5	 41
Wed Apr 26 07:41:54 2017	 173.00	 173.00	   3.00	   3.00	  22.10	  10.60	 5	 44
Wed Apr 26 07:42:04 2017	 173.00	 173.00	   3.00	   3.00	  22.10	  10.60	 5	 46
Wed Apr 26 07:42:15 2017	 173.00	 173.00	   3.00	   3.00	  22.10	  10.60	 5	 48
Wed Apr 26 07:42:26 2017	 173.00	 173.00	   3.00	   3.00	  22.10	  10.60	 5	 50
Wed Apr 26 07:42:36 2017	 173.00	 173.00	   3.00	   3.00	  22.10	  10.60	 5	 52
Wed Apr 26 07:42:47 2017	 173.00	 173.00	   3.00	   3.00	  22.10	  10.60	 5	 54
Wed Apr 26 07:42:57 2017	 173.00	 173.00	   3.00	   3.00	  22.10	  10.60	 5	 56
Wed Apr 26 07:43:08 2017	 173.00	 173.00	   3.00	   3.00	  22.10	  10.60	 5	 59
Wed Apr 26 07:43:19 2017	 173.00	 173.00	   3.00	   3.00	  22.10	  10.60	 5	 61
Wed Apr 26 07:43:29 2017	 173.00	 173.00	   3.00	   3.00	  22.10	  10.60	 5	 63
Wed Apr 26 07:43:40 2017	 173.00	 173.00	   3.00	   3.00	  22.10	  10.60	 5	 65
Wed Apr 26 07:43:51 2017	 173.00	 173.00	   3.00	   3.00	  22.10	  10.60	 5	 67
Wed Apr 26 07:44:01 2017	 173.00	 173.00	   3.00	   3.00	  22.10	  10.60	 5	 69
Wed Apr 26 07:44:12 2017	 173.00	 173.00	   3.00	   3.00	  21.90	  10.50	 5	 71
Wed Apr 26 07:44:22 2017	 173.00	 173.00	   3.00	   3.00	  21.90	  10.50	 5	 73
Wed Apr 26 07:44:33 2017	 173.00	 173.00	   3.00	   3.00	  21.90	  10.50	 5	 76
Wed Apr 26 07:44:44 2017	 173.00	 173.00	   3.00	   3.00	  22.10	  10.60	 5	 78
Wed Apr 26 07:44:54 2017	 173.00	 173.00	   3.00	   3.00	  22.00	  10.60	 5	 80
Wed Apr 26 07:45:05 2017	 173.00	 173.00	   3.00	   3.00	  21.80	  10.50	 5	 82
Wed Apr 26 07:45:16 2017	 173.00	 173.00	   3.00	   3.00	  21.90	  10.50	 5	 84
Wed Apr 26 07:45:26 2017	 173.00	 173.00	   3.00	   3.00	  21.80	  10.50	 5	 86
Wed Apr 26 07:45:37 2017	 173.00	 173.00	   3.00	   3.00	  21.90	  10.50	 5	 86
Wed Apr 26 07:45:47 2017	 173.00	 173.00	   3.00	   3.00	  21.90	  10.50	 5	 86
Wed Apr 26 07:45:58 2017	 173.00	 173.00	   3.00	   3.00	  21.90	  10.50	 5	 86
Wed Apr 26 07:46:09 2017	 173.00	 173.00	   3.00	   3.00	  21.80	  10.50	 5	 86
Wed Apr 26 07:46:19 2017	 173.00	 173.00	   3.00	   3.00	  22.00	  10.50	 5	 86
Wed Apr 26 07:46:30 2017	 173.00	 173.00	   3.00	   3.00	  21.90	  10.50	 5	 86
Wed Apr 26 07:46:41 2017	 173.00	 173.00	   3.00	   3.00	  21.90	  10.50	 5	 88
Wed Apr 26 07:46:51 2017	 173.00	 173.00	   3.00	   3.00	  22.00	  10.50	 5	 91
Wed Apr 26 07:47:02 2017	 173.00	 173.00	   3.00	   3.00	  21.90	  10.50	 5	 93
Wed Apr 26 07:47:12 2017	 173.00	 173.00	   3.00	   3.00	  21.90	  10.50	 5	 95
Wed Apr 26 07:47:23 2017	 173.00	 173.00	   3.00	   3.00	  21.90	  10.50	 5	 97
Wed Apr 26 07:47:34 2017	 173.00	 173.00	   3.00	   3.00	  22.00	  10.60	 5	 99
Wed Apr 26 07:47:44 2017	 173.00	 173.00	   3.00	   3.00	  22.10	  10.60	 5	 101
Wed Apr 26 07:47:55 2017	 173.00	 173.00	   3.00	   3.00	  22.10	  10.60	 5	 101
Wed Apr 26 07:48:06 2017	 173.00	 173.00	   3.00	   3.00	  22.10	  10.60	 5	 101
Wed Apr 26 07:48:16 2017	 173.00	 173.00	   3.00	   3.00	  22.20	  10.60	 6	 2
Wed Apr 26 07:48:27 2017	 173.00	 173.00	   3.00	   3.00	  22.10	  10.60	 6	 4
Wed Apr 26 07:48:38 2017	 173.00	 173.00	   3.00	   3.00	  22.20	  10.60	 6	 6
Wed Apr 26 07:48:48 2017	 173.00	 173.00	   3.00	   3.00	  22.20	  10.60	 6	 8
Wed Apr 26 07:48:59 2017	 173.00	 173.00	   3.00	   3.00	  22.20	  10.60	 6	 10
Wed Apr 26 07:49:09 2017	 173.00	 173.00	   3.00	   3.00	  22.10	  10.60	 6	 12
Wed Apr 26 07:49:20 2017	 173.00	 173.00	   3.00	   3.00	  22.10	  10.60	 6	 14
Wed Apr 26 07:49:31 2017	 173.00	 173.00	   3.00	   3.00	  22.10	  10.60	 6	 17
Wed Apr 26 07:49:41 2017	 173.00	 173.00	   3.00	   3.00	  22.10	  10.60	 6	 19
Wed Apr 26 07:49:52 2017	 173.00	 173.00	   3.00	   3.00	  22.10	  10.60	 6	 21
Wed Apr 26 07:50:03 2017	 173.00	 173.00	   3.00	   3.00	  21.90	  10.50	 6	 23
Wed Apr 26 07:50:13 2017	 173.00	 173.00	   3.00	   3.00	  21.90	  10.50	 6	 25
Wed Apr 26 07:50:24 2017	 173.00	 173.00	   3.00	   3.00	  21.80	  10.50	 6	 27
Wed Apr 26 07:50:34 2017	 173.00	 173.00	   3.00	   3.00	  21.60	  10.40	 6	 29
Wed Apr 26 07:50:45 2017	 173.00	 173.00	   3.00	   3.00	  21.60	  10.40	 6	 31
Wed Apr 26 07:50:56 2017	 173.00	 173.00	   3.00	   3.00	  21.60	  10.40	 6	 34
Wed Apr 26 07:51:06 2017	 173.00	 173.00	   3.00	   3.00	  21.40	  10.30	 6	 35
Wed Apr 26 07:51:17 2017	 173.00	 173.00	   3.00	   3.00	  21.60	  10.30	 6	 35
Wed Apr 26 07:51:28 2017	 173.00	 173.00	   3.00	   3.00	  21.70	  10.40	 6	 35
Wed Apr 26 07:51:38 2017	 173.00	 173.00	   3.00	   3.00	  21.70	  10.40	 6	 35
Wed Apr 26 07:51:49 2017	 173.00	 173.00	   3.00	   3.00	  21.70	  10.40	 6	 35
Wed Apr 26 07:51:59 2017	 173.00	 173.00	   3.00	   3.00	  21.90	  10.50	 6	 37
Wed Apr 26 07:52:10 2017	 173.00	 173.00	   3.00	   3.00	  21.90	  10.50	 6	 39
Wed Apr 26 07:52:21 2017	 173.00	 173.00	   3.00	   3.00	  21.90	  10.50	 6	 41
Wed Apr 26 07:52:31 2017	 173.00	 173.00	   3.00	   3.00	  21.90	  10.50	 6	 43
Wed Apr 26 07:52:42 2017	 173.00	 173.00	   3.00	   3.00	  22.00	  10.60	 6	 45
Wed Apr 26 07:52:53 2017	 173.00	 173.00	   3.00	   3.00	  21.90	  10.50	 6	 47
Wed Apr 26 07:53:03 2017	 173.00	 173.00	   3.00	   3.00	  21.90	  10.50	 6	 50
Wed Apr 26 07:53:14 2017	 173.00	 173.00	   3.00	   3.00	  21.90	  10.50	 6	 52
Wed Apr 26 07:53:24 2017	 173.00	 173.00	   3.00	   3.00	  22.00	  10.60	 6	 54
Wed Apr 26 07:53:35 2017	 173.00	 173.00	   3.00	   3.00	  22.00	  10.60	 6	 56
Wed Apr 26 07:53:46 2017	 173.00	 173.00	   3.00	   3.00	  22.00	  10.60	 6	 58
Wed Apr 26 07:53:56 2017	 173.00	 173.00	   3.00	   3.00	  22.00	  10.60	 6	 60
Wed Apr 26 07:54:07 2017	 173.00	 173.00	   3.00	   3.00	  22.00	  10.60	 6	 62
Wed Apr 26 07:54:18 2017	 173.00	 173.00	   3.00	   3.00	  22.00	  10.60	 6	 65
Wed Apr 26 07:54:28 2017	 173.00	 173.00	   3.00	   3.00	  22.10	  10.60	 6	 67
Wed Apr 26 07:54:39 2017	 173.00	 173.00	   3.00	   3.00	  22.10	  10.60	 6	 69
Wed Apr 26 07:54:49 2017	 173.00	 173.00	   3.00	   3.00	  22.10	  10.60	 6	 71
Wed Apr 26 07:55:00 2017	 173.00	 173.00	   3.00	   3.00	  22.10	  10.60	 6	 73
Wed Apr 26 07:55:11 2017	 173.00	 173.00	   3.00	   3.00	  22.10	  10.60	 6	 73
Wed Apr 26 07:55:21 2017	 173.00	 173.00	   3.00	   3.00	  22.10	  10.60	 6	 73
Wed Apr 26 07:55:32 2017	 173.00	 173.00	   3.00	   3.00	  22.00	  10.50	 6	 73
Wed Apr 26 07:55:43 2017	 173.00	 173.00	   3.00	   3.00	  21.90	  10.50	 7	 1
Wed Apr 26 07:55:53 2017	 173.00	 173.00	   3.00	   3.00	  21.80	  10.40	 7	 4
Wed Apr 26 07:56:04 2017	 173.00	 173.00	   3.00	   3.00	  21.70	  10.40	 7	 6
Wed Apr 26 07:56:15 2017	 173.00	 173.00	   3.00	   3.00	  21.60	  10.40	 7	 8
Wed Apr 26 07:56:25 2017	 173.00	 173.00	   3.00	   3.00	  21.70	  10.40	 7	 10
Wed Apr 26 07:56:36 2017	 173.00	 173.00	   3.00	   3.00	  21.60	  10.40	 7	 12
Wed Apr 26 07:56:46 2017	 173.00	 173.00	   3.00	   3.00	  21.60	  10.40	 7	 12
Wed Apr 26 07:56:57 2017	 173.00	 173.00	   3.00	   3.00	  21.60	  10.40	 7	 12
Wed Apr 26 07:57:08 2017	 173.00	 173.00	   3.00	   3.00	  21.60	  10.40	 7	 12
Wed Apr 26 07:57:18 2017	 173.00	 173.00	   3.00	   3.00	  21.60	  10.40	 7	 12
Wed Apr 26 07:57:29 2017	 173.00	 173.00	   3.00	   3.00	  21.70	  10.40	 7	 14
Wed Apr 26 07:57:40 2017	 173.00	 173.00	   3.00	   3.00	  21.70	  10.40	 7	 16
Wed Apr 26 07:57:50 2017	 173.00	 173.00	   3.00	   3.00	  21.80	  10.50	 7	 18
Wed Apr 26 07:58:01 2017	 173.00	 173.00	   3.00	   3.00	  21.90	  10.50	 7	 20
Wed Apr 26 07:58:11 2017	 173.00	 173.00	   3.00	   3.00	  22.00	  10.50	 7	 22
Wed Apr 26 07:58:22 2017	 173.00	 173.00	   3.00	   3.00	  22.10	  10.60	 7	 24
Wed Apr 26 07:58:33 2017	 173.00	 173.00	   3.00	   3.00	  22.10	  10.60	 7	 26
Wed Apr 26 07:58:43 2017	 173.00	 173.00	   3.00	   3.00	  22.10	  10.60	 7	 29
Wed Apr 26 07:58:54 2017	 173.00	 173.00	   3.00	   3.00	  22.10	  10.60	 7	 31
Wed Apr 26 07:59:04 2017	 173.00	 173.00	   3.00	   3.00	  22.20	  10.60	 7	 33
Wed Apr 26 07:59:15 2017	 173.00	 173.00	   3.00	   3.00	  22.20	  10.60	 7	 35
Wed Apr 26 07:59:26 2017	 173.00	 173.00	   3.00	   3.00	  22.20	  10.70	 7	 37
Wed Apr 26 07:59:36 2017	 173.00	 173.00	   3.00	   3.00	  22.20	  10.60	 7	 39
Wed Apr 26 07:59:47 2017	 173.00	 173.00	   3.00	   3.00	  22.20	  10.70	 7	 41
Wed Apr 26 07:59:58 2017	 173.00	 173.00	   3.00	   3.00	  22.10	  10.60	 7	 44
Wed Apr 26 08:00:08 2017	 173.00	 173.00	   3.00	   3.00	  22.10	  10.60	 7	 46
Wed Apr 26 08:00:19 2017	 173.00	 173.00	   3.00	   3.00	  22.10	  10.60	 7	 48
Wed Apr 26 08:00:30 2017	 173.00	 173.00	   3.00	   3.00	  22.10	  10.60	 7	 50
Wed Apr 26 08:00:40 2017	 173.00	 173.00	   3.00	   3.00	  22.00	  10.60	 7	 52
Wed Apr 26 08:00:51 2017	 173.00	 173.00	   3.00	   3.00	  22.00	  10.50	 7	 54
Wed Apr 26 08:01:01 2017	 173.00	 173.00	   3.00	   3.00	  22.00	  10.60	 7	 56
Wed Apr 26 08:01:12 2017	 173.00	 173.00	   3.00	   3.00	  22.00	  10.60	 7	 58
Wed Apr 26 08:01:23 2017	 173.00	 173.00	   3.00	   3.00	  21.90	  10.50	 7	 61
Wed Apr 26 08:01:33 2017	 173.00	 173.00	   3.00	   3.00	  21.80	  10.50	 7	 62
Wed Apr 26 08:01:44 2017	 173.00	 173.00	   3.00	   3.00	  21.80	  10.50	 7	 62
Wed Apr 26 08:01:54 2017	 173.00	 173.00	   3.00	   3.00	  21.80	  10.50	 7	 62
Wed Apr 26 08:02:05 2017	 173.00	 173.00	   3.00	   3.00	  21.80	  10.40	 7	 63
Wed Apr 26 08:02:16 2017	 173.00	 173.00	   3.00	   3.00	  21.70	  10.40	 7	 65
Wed Apr 26 08:02:26 2017	 173.00	 173.00	   3.00	   3.00	  21.70	  10.40	 7	 67
Wed Apr 26 08:02:37 2017	 173.00	 173.00	   3.00	   3.00	  21.70	  10.40	 7	 70
Wed Apr 26 08:02:48 2017	 173.00	 173.00	   3.00	   3.00	  21.70	  10.40	 7	 72
Wed Apr 26 08:02:58 2017	 173.00	 173.00	   3.00	   3.00	  21.70	  10.40	 7	 74
Wed Apr 26 08:03:09 2017	 173.00	 173.00	   3.00	   3.00	  21.70	  10.40	 7	 76
Wed Apr 26 08:03:20 2017	 173.00	 173.00	   3.00	   3.00	  21.80	  10.50	 7	 78
Wed Apr 26 08:03:30 2017	 173.00	 173.00	   3.00	   3.00	  22.00	  10.50	 7	 80
Wed Apr 26 08:03:41 2017	 173.00	 173.00	   3.00	   3.00	  22.00	  10.60	 7	 82
Wed Apr 26 08:03:52 2017	 173.00	 173.00	   3.00	   3.00	  22.00	  10.60	 7	 84
Wed Apr 26 08:04:02 2017	 173.00	 173.00	   3.00	   3.00	  22.20	  10.60	 7	 87
Wed Apr 26 08:04:13 2017	 173.00	 173.00	   3.00	   3.00	  22.20	  10.70	 7	 89
Wed Apr 26 08:04:23 2017	 173.00	 173.00	   3.00	   3.00	  22.40	  10.70	 7	 91
Wed Apr 26 08:04:34 2017	 173.00	 173.00	   3.00	   3.00	  22.30	  10.70	 7	 93
Wed Apr 26 08:04:45 2017	 173.00	 173.00	   3.00	   3.00	  22.30	  10.70	 7	 93
