[RefinedModels 1]

1 	 9 	 81.4098 	 32.0042 	 171.9262 	 1047.4494 	 1037.3394 	 0.0100 	 0.2603 	 0.1789
2 	 9 	 81.4098 	 32.0042 	 171.9262 	 1047.4494 	 1037.3394 	 0.0100 	 0.2603 	 0.1789
3 	 9 	 81.4098 	 32.0042 	 171.9262 	 1047.4494 	 1037.3394 	 0.0100 	 0.2603 	 0.1789
4 	 9 	 81.4098 	 32.0042 	 171.9262 	 1047.4494 	 1037.3394 	 0.0100 	 0.2603 	 0.1789
5 	 9 	 81.4098 	 32.0042 	 171.9262 	 1047.4494 	 1037.3394 	 0.0100 	 0.2603 	 0.1789
6 	 9 	 81.4098 	 32.0042 	 171.9262 	 1047.4494 	 1037.3394 	 0.0100 	 0.2603 	 0.1789
7 	 9 	 81.4098 	 32.0042 	 171.9262 	 1047.4494 	 1037.3394 	 0.0100 	 0.2603 	 0.1789
8 	 9 	 81.4098 	 32.0042 	 171.9262 	 1047.4494 	 1037.3394 	 0.0100 	 0.2603 	 0.1789
9 	 9 	 81.4098 	 32.0042 	 171.9262 	 1047.4494 	 1037.3394 	 0.0100 	 0.2603 	 0.1789
10 	 9 	 81.4098 	 32.0042 	 171.9262 	 1047.4494 	 1037.3394 	 0.0100 	 0.2603 	 0.1789
11 	 9 	 81.4098 	 32.0042 	 171.9262 	 1047.4494 	 1037.3394 	 0.0100 	 0.2603 	 0.1789
12 	 9 	 81.4098 	 32.0042 	 171.9262 	 1047.4494 	 1037.3394 	 0.0100 	 0.2603 	 0.1789
13 	 9 	 81.4098 	 32.0042 	 171.9262 	 1047.4494 	 1037.3394 	 0.0100 	 0.2603 	 0.1789
14 	 9 	 81.4098 	 32.0042 	 171.9262 	 1047.4494 	 1037.3394 	 0.0100 	 0.2603 	 0.1789
15 	 9 	 81.4098 	 32.0042 	 171.9262 	 1047.4494 	 1037.3394 	 0.0100 	 0.2603 	 0.1789
16 	 9 	 81.4098 	 32.0042 	 171.9262 	 1047.4494 	 1037.3394 	 0.0100 	 0.2603 	 0.1789
17 	 9 	 81.4098 	 32.0042 	 171.9262 	 1047.4494 	 1037.3394 	 0.0100 	 0.2603 	 0.1789
18 	 9 	 81.4098 	 32.0042 	 171.9262 	 1047.4494 	 1037.3394 	 0.0100 	 0.2603 	 0.1789
19 	 9 	 81.4098 	 32.0042 	 171.9262 	 1047.4494 	 1037.3394 	 0.0100 	 0.2603 	 0.1789
20 	 9 	 81.4098 	 32.0042 	 171.9262 	 1047.4494 	 1037.3394 	 0.0100 	 0.2603 	 0.1789
21 	 9 	 81.4098 	 32.0042 	 171.9262 	 1047.4494 	 1037.3394 	 0.0100 	 0.2603 	 0.1789
22 	 9 	 81.4098 	 32.0042 	 171.9262 	 1047.4494 	 1037.3394 	 0.0100 	 0.2603 	 0.1789
23 	 9 	 81.4098 	 32.0042 	 171.9262 	 1047.4494 	 1037.3394 	 0.0089 	 0.2670 	 0.1753
24 	 9 	 81.4179 	 32.0069 	 171.9154 	 1047.4517 	 1037.6887 	 0.0087 	 0.2614 	 0.1718
25 	 9 	 81.4118 	 32.0148 	 171.9123 	 1047.4719 	 1037.6866 	 0.0088 	 0.2659 	 0.1752
26 	 9 	 81.4303 	 32.0148 	 171.8990 	 1047.4453 	 1038.0873 	 0.0094 	 0.2739 	 0.1787
27 	 9 	 81.4286 	 32.0159 	 171.8973 	 1047.4381 	 1038.0425 	 0.0094 	 0.2748 	 0.1797
28 	 9 	 81.4314 	 32.0120 	 171.8915 	 1047.4484 	 1038.1770 	 0.0096 	 0.2795 	 0.1848
29 	 9 	 81.4429 	 32.0141 	 171.8856 	 1047.4150 	 1038.3958 	 0.0097 	 0.2791 	 0.1842
30 	 9 	 81.4454 	 32.0163 	 171.8829 	 1047.3957 	 1038.4688 	 0.0098 	 0.2804 	 0.1852
31 	 9 	 81.4360 	 32.0218 	 171.8810 	 1047.3834 	 1038.2441 	 0.0098 	 0.2718 	 0.1785
32 	 9 	 81.4328 	 32.0234 	 171.8811 	 1047.3760 	 1038.1872 	 0.0098 	 0.2702 	 0.1772
33 	 9 	 81.4358 	 32.0233 	 171.8787 	 1047.3511 	 1038.1381 	 0.0098 	 0.2645 	 0.1733
34 	 9 	 81.4318 	 32.0247 	 171.8726 	 1047.3467 	 1037.9481 	 0.0099 	 0.2634 	 0.1702
35 	 9 	 81.4273 	 32.0119 	 171.8572 	 1047.4012 	 1037.7263 	 0.0105 	 0.2761 	 0.1742
36 	 9 	 81.4449 	 32.0124 	 171.8535 	 1047.2580 	 1038.3156 	 0.0107 	 0.2772 	 0.1738
37 	 9 	 81.4448 	 32.0114 	 171.8528 	 1047.2289 	 1038.3265 	 0.0107 	 0.2785 	 0.1750
38 	 9 	 81.4410 	 32.0163 	 171.8468 	 1047.2550 	 1038.3564 	 0.0106 	 0.2775 	 0.1772
39 	 9 	 81.4463 	 32.0304 	 171.8589 	 1047.2237 	 1038.5968 	 0.0104 	 0.2661 	 0.1800
40 	 9 	 81.4456 	 32.0366 	 171.8544 	 1047.1986 	 1038.7197 	 0.0109 	 0.2762 	 0.1882
41 	 9 	 81.4439 	 32.0537 	 171.8506 	 1047.1987 	 1038.7966 	 0.0107 	 0.2611 	 0.1881
42 	 9 	 81.4547 	 32.0515 	 171.8552 	 1047.1154 	 1038.9146 	 0.0106 	 0.2536 	 0.1882
43 	 9 	 81.4582 	 32.0515 	 171.8602 	 1047.0873 	 1039.0228 	 0.0104 	 0.2460 	 0.1819
44 	 9 	 81.4607 	 32.0609 	 171.8688 	 1047.0364 	 1039.1297 	 0.0104 	 0.2499 	 0.1847
45 	 9 	 81.4601 	 32.0626 	 171.8674 	 1047.0383 	 1039.1066 	 0.0104 	 0.2512 	 0.1855
46 	 9 	 81.4656 	 32.0560 	 171.8687 	 1046.9483 	 1039.2297 	 0.0104 	 0.2388 	 0.1827
47 	 9 	 81.4666 	 32.0574 	 171.8706 	 1046.9218 	 1039.2078 	 0.0103 	 0.2325 	 0.1779
48 	 9 	 81.4646 	 32.0655 	 171.8717 	 1046.9226 	 1039.1228 	 0.0102 	 0.2274 	 0.1783
49 	 9 	 81.4514 	 32.0683 	 171.8755 	 1046.9127 	 1038.8623 	 0.0102 	 0.2284 	 0.1731
50 	 9 	 81.4516 	 32.0719 	 171.8747 	 1046.9189 	 1038.8795 	 0.0101 	 0.2283 	 0.1719
51 	 9 	 81.4539 	 32.1033 	 171.8821 	 1046.9458 	 1039.0548 	 0.0101 	 0.2266 	 0.1737
52 	 9 	 81.4539 	 32.1033 	 171.8821 	 1046.9458 	 1039.0548 	 0.0100 	 0.2603 	 0.1789
53 	 9 	 81.4539 	 32.1033 	 171.8821 	 1046.9458 	 1039.0548 	 0.0100 	 0.2603 	 0.1789
54 	 9 	 81.4539 	 32.1033 	 171.8821 	 1046.9458 	 1039.0548 	 0.0100 	 0.2603 	 0.1789
55 	 9 	 81.4539 	 32.1033 	 171.8821 	 1046.9458 	 1039.0548 	 0.0100 	 0.2603 	 0.1789
56 	 9 	 81.4539 	 32.1033 	 171.8821 	 1046.9458 	 1039.0548 	 0.0100 	 0.2603 	 0.1789
57 	 9 	 81.4539 	 32.1033 	 171.8821 	 1046.9458 	 1039.0548 	 0.0100 	 0.2603 	 0.1789
58 	 9 	 81.4539 	 32.1033 	 171.8821 	 1046.9458 	 1039.0548 	 0.0100 	 0.2603 	 0.1789
59 	 9 	 81.4539 	 32.1033 	 171.8821 	 1046.9458 	 1039.0548 	 0.0100 	 0.2603 	 0.1789
60 	 9 	 81.4539 	 32.1033 	 171.8821 	 1046.9458 	 1039.0548 	 0.0100 	 0.2603 	 0.1789
61 	 9 	 81.4539 	 32.1033 	 171.8821 	 1046.9458 	 1039.0548 	 0.0100 	 0.2603 	 0.1789
62 	 9 	 81.4539 	 32.1033 	 171.8821 	 1046.9458 	 1039.0548 	 0.0100 	 0.2603 	 0.1789
63 	 9 	 81.4539 	 32.1033 	 171.8821 	 1046.9458 	 1039.0548 	 0.0100 	 0.2603 	 0.1789
64 	 9 	 81.4539 	 32.1033 	 171.8821 	 1046.9458 	 1039.0548 	 0.0100 	 0.2603 	 0.1789
65 	 9 	 81.4539 	 32.1033 	 171.8821 	 1046.9458 	 1039.0548 	 0.0100 	 0.2603 	 0.1789
66 	 9 	 81.4539 	 32.1033 	 171.8821 	 1046.9458 	 1039.0548 	 0.0100 	 0.2603 	 0.1789
67 	 9 	 81.4539 	 32.1033 	 171.8821 	 1046.9458 	 1039.0548 	 0.0100 	 0.2603 	 0.1789
68 	 9 	 81.4539 	 32.1033 	 171.8821 	 1046.9458 	 1039.0548 	 0.0100 	 0.2603 	 0.1789
69 	 9 	 81.4539 	 32.1033 	 171.8821 	 1046.9458 	 1039.0548 	 0.0100 	 0.2603 	 0.1789
70 	 9 	 81.4539 	 32.1033 	 171.8821 	 1046.9458 	 1039.0548 	 0.0100 	 0.2603 	 0.1789
71 	 9 	 81.4539 	 32.1033 	 171.8821 	 1046.9458 	 1039.0548 	 0.0100 	 0.2603 	 0.1789
72 	 9 	 81.4539 	 32.1033 	 171.8821 	 1046.9458 	 1039.0548 	 0.0100 	 0.2603 	 0.1789
73 	 9 	 81.4539 	 32.1033 	 171.8821 	 1046.9458 	 1039.0548 	 0.0100 	 0.2603 	 0.1789
