[RefinedModels 1]

1 	 4 	 81.8594 	 32.0619 	 171.9172 	 1046.2763 	 1041.3845 	 0.0122 	 0.2689 	 0.2720
2 	 4 	 81.8594 	 32.0619 	 171.9172 	 1046.2763 	 1041.3845 	 0.0122 	 0.2689 	 0.2720
3 	 4 	 81.8594 	 32.0619 	 171.9172 	 1046.2763 	 1041.3845 	 0.0122 	 0.2689 	 0.2720
4 	 4 	 81.8594 	 32.0619 	 171.9172 	 1046.2763 	 1041.3845 	 0.0122 	 0.2689 	 0.2720
5 	 4 	 81.8594 	 32.0619 	 171.9172 	 1046.2763 	 1041.3845 	 0.0122 	 0.2689 	 0.2720
6 	 4 	 81.8594 	 32.0619 	 171.9172 	 1046.2763 	 1041.3845 	 0.0122 	 0.2689 	 0.2720
7 	 4 	 81.8594 	 32.0619 	 171.9172 	 1046.2763 	 1041.3845 	 0.0122 	 0.2689 	 0.2720
8 	 4 	 81.8594 	 32.0619 	 171.9172 	 1046.2763 	 1041.3845 	 0.0122 	 0.2689 	 0.2720
9 	 4 	 81.8594 	 32.0619 	 171.9172 	 1046.2763 	 1041.3845 	 0.0122 	 0.2689 	 0.2720
10 	 4 	 81.8594 	 32.0619 	 171.9172 	 1046.2763 	 1041.3845 	 0.0122 	 0.2689 	 0.2720
11 	 4 	 81.8594 	 32.0619 	 171.9172 	 1046.2763 	 1041.3845 	 0.0122 	 0.2689 	 0.2720
12 	 4 	 81.8594 	 32.0619 	 171.9172 	 1046.2763 	 1041.3845 	 0.0122 	 0.2689 	 0.2720
13 	 4 	 81.8594 	 32.0619 	 171.9172 	 1046.2763 	 1041.3845 	 0.0122 	 0.2689 	 0.2720
14 	 4 	 81.8594 	 32.0619 	 171.9172 	 1046.2763 	 1041.3845 	 0.0122 	 0.2689 	 0.2720
15 	 4 	 81.8594 	 32.0619 	 171.9172 	 1046.2763 	 1041.3845 	 0.0122 	 0.2689 	 0.2720
16 	 4 	 81.8594 	 32.0619 	 171.9172 	 1046.2763 	 1041.3845 	 0.0122 	 0.2689 	 0.2720
17 	 4 	 81.8594 	 32.0619 	 171.9172 	 1046.2763 	 1041.3845 	 0.0122 	 0.2689 	 0.2720
18 	 4 	 81.8594 	 32.0619 	 171.9172 	 1046.2763 	 1041.3845 	 0.0122 	 0.2689 	 0.2720
19 	 4 	 81.8594 	 32.0619 	 171.9172 	 1046.2763 	 1041.3845 	 0.0122 	 0.2689 	 0.2720
20 	 4 	 81.8594 	 32.0619 	 171.9172 	 1046.2763 	 1041.3845 	 0.0122 	 0.2689 	 0.2720
21 	 4 	 81.8594 	 32.0619 	 171.9172 	 1046.2763 	 1041.3845 	 0.0122 	 0.2689 	 0.2720
22 	 4 	 81.8594 	 32.0619 	 171.9172 	 1046.2763 	 1041.3845 	 0.0122 	 0.2689 	 0.2720
23 	 4 	 81.8594 	 32.0619 	 171.9172 	 1046.2763 	 1041.3845 	 0.0122 	 0.2689 	 0.2720
24 	 4 	 81.8594 	 32.0619 	 171.9172 	 1046.2763 	 1041.3845 	 0.0122 	 0.2689 	 0.2720
25 	 4 	 81.8594 	 32.0619 	 171.9172 	 1046.2763 	 1041.3845 	 0.0122 	 0.2689 	 0.2720
26 	 4 	 81.8594 	 32.0619 	 171.9172 	 1046.2763 	 1041.3845 	 0.0094 	 0.2050 	 0.2043
27 	 4 	 81.8496 	 32.0704 	 171.9150 	 1046.2476 	 1041.0453 	 0.0095 	 0.2035 	 0.2013
28 	 4 	 81.8544 	 32.0697 	 171.9138 	 1046.2221 	 1041.0170 	 0.0094 	 0.2041 	 0.2010
29 	 4 	 81.8587 	 32.0713 	 171.9041 	 1046.2687 	 1040.9324 	 0.0098 	 0.2134 	 0.2018
30 	 4 	 81.8828 	 32.0556 	 171.8991 	 1046.3209 	 1041.4032 	 0.0099 	 0.2083 	 0.2023
31 	 4 	 81.8978 	 32.0477 	 171.8967 	 1046.3424 	 1041.7055 	 0.0101 	 0.2053 	 0.2060
32 	 4 	 81.9002 	 32.0394 	 171.8985 	 1046.3288 	 1041.9050 	 0.0101 	 0.2147 	 0.2104
33 	 4 	 81.8994 	 32.0446 	 171.8862 	 1046.4034 	 1041.7539 	 0.0103 	 0.2071 	 0.2054
34 	 4 	 81.9085 	 32.0362 	 171.8868 	 1046.3752 	 1042.0206 	 0.0103 	 0.2069 	 0.2060
35 	 4 	 81.9147 	 32.0319 	 171.8860 	 1046.3786 	 1042.1922 	 0.0103 	 0.2086 	 0.2137
36 	 4 	 81.9133 	 32.0321 	 171.8853 	 1046.3821 	 1042.1554 	 0.0103 	 0.2090 	 0.2141
37 	 4 	 81.9155 	 32.0334 	 171.8835 	 1046.4095 	 1042.0975 	 0.0106 	 0.2118 	 0.2173
38 	 4 	 81.9173 	 32.0252 	 171.8880 	 1046.3806 	 1042.3719 	 0.0105 	 0.2247 	 0.2220
39 	 4 	 81.9232 	 32.0417 	 171.8722 	 1046.4627 	 1041.7400 	 0.0109 	 0.2228 	 0.2345
40 	 4 	 81.9264 	 32.0389 	 171.8733 	 1046.4625 	 1041.8591 	 0.0110 	 0.2256 	 0.2362
41 	 4 	 81.9276 	 32.0409 	 171.8698 	 1046.4463 	 1041.8426 	 0.0113 	 0.2322 	 0.2396
42 	 4 	 81.9288 	 32.0534 	 171.8648 	 1046.3796 	 1041.5181 	 0.0119 	 0.2381 	 0.2325
43 	 4 	 81.9411 	 32.0471 	 171.8638 	 1046.3448 	 1041.6986 	 0.0116 	 0.2380 	 0.2276
44 	 4 	 81.9352 	 32.0412 	 171.8689 	 1046.3479 	 1041.9336 	 0.0115 	 0.2385 	 0.2373
45 	 4 	 81.9509 	 32.0332 	 171.8660 	 1046.3575 	 1042.1853 	 0.0118 	 0.2460 	 0.2436
46 	 4 	 81.9486 	 32.0334 	 171.8700 	 1046.3125 	 1042.1809 	 0.0117 	 0.2478 	 0.2455
47 	 4 	 81.9547 	 32.0265 	 171.8737 	 1046.2946 	 1042.3984 	 0.0117 	 0.2499 	 0.2516
48 	 4 	 81.9597 	 32.0240 	 171.8739 	 1046.3007 	 1042.5105 	 0.0119 	 0.2556 	 0.2571
49 	 4 	 81.9610 	 32.0222 	 171.8712 	 1046.3050 	 1042.5099 	 0.0123 	 0.2622 	 0.2641
50 	 4 	 81.9499 	 32.0184 	 171.8780 	 1046.2748 	 1042.6348 	 0.0121 	 0.2621 	 0.2675
51 	 4 	 81.9470 	 32.0179 	 171.8828 	 1046.2418 	 1042.7052 	 0.0122 	 0.2629 	 0.2699
52 	 4 	 81.9444 	 32.0084 	 171.8878 	 1046.2187 	 1042.9709 	 0.0124 	 0.2802 	 0.2862
53 	 4 	 81.9539 	 32.0031 	 171.8891 	 1046.2577 	 1043.1866 	 0.0127 	 0.2871 	 0.2900
54 	 4 	 81.9632 	 31.9939 	 171.8875 	 1046.2438 	 1043.5125 	 0.0126 	 0.2835 	 0.2928
55 	 4 	 81.9900 	 31.9889 	 171.8984 	 1046.2053 	 1043.7631 	 0.0126 	 0.2843 	 0.2967
56 	 4 	 81.9873 	 31.9887 	 171.8958 	 1046.1869 	 1043.6905 	 0.0131 	 0.2959 	 0.3119
57 	 4 	 81.9867 	 31.9887 	 171.8941 	 1046.2333 	 1043.6400 	 0.0133 	 0.3012 	 0.3182
58 	 4 	 81.9943 	 31.9823 	 171.8885 	 1046.2184 	 1043.7171 	 0.0134 	 0.3058 	 0.3243
59 	 4 	 82.0353 	 31.9581 	 171.8857 	 1046.1777 	 1044.6674 	 0.0138 	 0.3345 	 0.3289
60 	 4 	 82.0175 	 31.9659 	 171.8917 	 1046.1301 	 1044.1669 	 0.0139 	 0.3367 	 0.3336
61 	 4 	 82.0427 	 31.9543 	 171.8869 	 1046.1356 	 1044.6056 	 0.0139 	 0.3398 	 0.3344
62 	 4 	 82.0514 	 31.9468 	 171.8879 	 1046.1329 	 1044.9191 	 0.0139 	 0.3386 	 0.3321
63 	 4 	 82.0347 	 31.9515 	 171.8899 	 1046.1080 	 1044.8262 	 0.0144 	 0.3566 	 0.3508
64 	 4 	 81.9928 	 31.9623 	 171.8837 	 1046.2551 	 1044.1346 	 0.0147 	 0.3580 	 0.3750
65 	 4 	 81.9836 	 31.9566 	 171.8868 	 1046.2076 	 1044.3313 	 0.0149 	 0.3577 	 0.3747
66 	 4 	 82.0052 	 31.9535 	 171.8793 	 1046.1617 	 1044.3135 	 0.0150 	 0.3681 	 0.3798
67 	 4 	 82.0411 	 31.9308 	 171.8688 	 1046.2075 	 1044.8253 	 0.0156 	 0.3659 	 0.3798
68 	 4 	 82.0179 	 31.9404 	 171.8817 	 1046.1647 	 1044.4050 	 0.0157 	 0.3618 	 0.3750
69 	 4 	 82.0077 	 31.9335 	 171.8697 	 1046.1800 	 1044.1188 	 0.0162 	 0.3725 	 0.3727
70 	 4 	 82.0077 	 31.9335 	 171.8697 	 1046.1800 	 1044.1188 	 0.0122 	 0.2689 	 0.2720
71 	 4 	 82.0077 	 31.9335 	 171.8697 	 1046.1800 	 1044.1188 	 0.0122 	 0.2689 	 0.2720
72 	 4 	 82.0077 	 31.9335 	 171.8697 	 1046.1800 	 1044.1188 	 0.0122 	 0.2689 	 0.2720
73 	 4 	 82.0077 	 31.9335 	 171.8697 	 1046.1800 	 1044.1188 	 0.0122 	 0.2689 	 0.2720
74 	 4 	 82.0077 	 31.9335 	 171.8697 	 1046.1800 	 1044.1188 	 0.0122 	 0.2689 	 0.2720
75 	 4 	 82.0077 	 31.9335 	 171.8697 	 1046.1800 	 1044.1188 	 0.0122 	 0.2689 	 0.2720
76 	 4 	 82.0077 	 31.9335 	 171.8697 	 1046.1800 	 1044.1188 	 0.0122 	 0.2689 	 0.2720
77 	 4 	 82.0077 	 31.9335 	 171.8697 	 1046.1800 	 1044.1188 	 0.0122 	 0.2689 	 0.2720
78 	 4 	 82.0077 	 31.9335 	 171.8697 	 1046.1800 	 1044.1188 	 0.0122 	 0.2689 	 0.2720
79 	 4 	 82.0077 	 31.9335 	 171.8697 	 1046.1800 	 1044.1188 	 0.0122 	 0.2689 	 0.2720
80 	 4 	 82.0077 	 31.9335 	 171.8697 	 1046.1800 	 1044.1188 	 0.0122 	 0.2689 	 0.2720
81 	 4 	 82.0077 	 31.9335 	 171.8697 	 1046.1800 	 1044.1188 	 0.0122 	 0.2689 	 0.2720
82 	 4 	 82.0077 	 31.9335 	 171.8697 	 1046.1800 	 1044.1188 	 0.0122 	 0.2689 	 0.2720
83 	 4 	 82.0077 	 31.9335 	 171.8697 	 1046.1800 	 1044.1188 	 0.0122 	 0.2689 	 0.2720
84 	 4 	 82.0077 	 31.9335 	 171.8697 	 1046.1800 	 1044.1188 	 0.0122 	 0.2689 	 0.2720
85 	 4 	 82.0077 	 31.9335 	 171.8697 	 1046.1800 	 1044.1188 	 0.0122 	 0.2689 	 0.2720
86 	 4 	 82.0077 	 31.9335 	 171.8697 	 1046.1800 	 1044.1188 	 0.0122 	 0.2689 	 0.2720
87 	 4 	 82.0077 	 31.9335 	 171.8697 	 1046.1800 	 1044.1188 	 0.0122 	 0.2689 	 0.2720
88 	 4 	 82.0077 	 31.9335 	 171.8697 	 1046.1800 	 1044.1188 	 0.0122 	 0.2689 	 0.2720
89 	 4 	 82.0077 	 31.9335 	 171.8697 	 1046.1800 	 1044.1188 	 0.0122 	 0.2689 	 0.2720
90 	 4 	 82.0077 	 31.9335 	 171.8697 	 1046.1800 	 1044.1188 	 0.0122 	 0.2689 	 0.2720
91 	 4 	 82.0077 	 31.9335 	 171.8697 	 1046.1800 	 1044.1188 	 0.0122 	 0.2689 	 0.2720
92 	 4 	 82.0077 	 31.9335 	 171.8697 	 1046.1800 	 1044.1188 	 0.0122 	 0.2689 	 0.2720
93 	 4 	 82.0077 	 31.9335 	 171.8697 	 1046.1800 	 1044.1188 	 0.0122 	 0.2689 	 0.2720
94 	 4 	 82.0077 	 31.9335 	 171.8697 	 1046.1800 	 1044.1188 	 0.0122 	 0.2689 	 0.2720
