[RefinedModels 1]

1 	 3 	 81.7419 	 31.9899 	 171.8195 	 1045.5221 	 1044.2788 	 0.0075 	 0.1960 	 0.1108
2 	 3 	 81.7419 	 31.9899 	 171.8195 	 1045.5221 	 1044.2788 	 0.0075 	 0.1960 	 0.1108
3 	 3 	 81.7419 	 31.9899 	 171.8195 	 1045.5221 	 1044.2788 	 0.0075 	 0.1960 	 0.1108
4 	 3 	 81.7419 	 31.9899 	 171.8195 	 1045.5221 	 1044.2788 	 0.0075 	 0.1960 	 0.1108
5 	 3 	 81.7419 	 31.9899 	 171.8195 	 1045.5221 	 1044.2788 	 0.0075 	 0.1960 	 0.1108
6 	 3 	 81.7419 	 31.9899 	 171.8195 	 1045.5221 	 1044.2788 	 0.0075 	 0.1960 	 0.1108
7 	 3 	 81.7419 	 31.9899 	 171.8195 	 1045.5221 	 1044.2788 	 0.0075 	 0.1960 	 0.1108
8 	 3 	 81.7419 	 31.9899 	 171.8195 	 1045.5221 	 1044.2788 	 0.0075 	 0.1960 	 0.1108
9 	 3 	 81.7419 	 31.9899 	 171.8195 	 1045.5221 	 1044.2788 	 0.0075 	 0.1960 	 0.1108
10 	 3 	 81.7419 	 31.9899 	 171.8195 	 1045.5221 	 1044.2788 	 0.0075 	 0.1960 	 0.1108
11 	 3 	 81.7419 	 31.9899 	 171.8195 	 1045.5221 	 1044.2788 	 0.0075 	 0.1960 	 0.1108
12 	 3 	 81.7419 	 31.9899 	 171.8195 	 1045.5221 	 1044.2788 	 0.0075 	 0.1960 	 0.1108
13 	 3 	 81.7419 	 31.9899 	 171.8195 	 1045.5221 	 1044.2788 	 0.0075 	 0.1960 	 0.1108
14 	 3 	 81.7419 	 31.9899 	 171.8195 	 1045.5221 	 1044.2788 	 0.0075 	 0.1960 	 0.1108
15 	 3 	 81.7419 	 31.9899 	 171.8195 	 1045.5221 	 1044.2788 	 0.0075 	 0.1960 	 0.1108
16 	 3 	 81.7419 	 31.9899 	 171.8195 	 1045.5221 	 1044.2788 	 0.0075 	 0.1960 	 0.1108
17 	 3 	 81.7419 	 31.9899 	 171.8195 	 1045.5221 	 1044.2788 	 0.0078 	 0.2064 	 0.1205
18 	 3 	 81.7410 	 31.9970 	 171.8240 	 1045.5248 	 1044.1121 	 0.0077 	 0.2028 	 0.1165
19 	 3 	 81.7411 	 32.0027 	 171.8329 	 1045.5374 	 1043.9664 	 0.0077 	 0.2075 	 0.1149
20 	 3 	 81.7427 	 32.0125 	 171.8367 	 1045.5511 	 1043.7199 	 0.0075 	 0.2023 	 0.1114
21 	 3 	 81.7418 	 32.0127 	 171.8411 	 1045.5331 	 1043.7315 	 0.0073 	 0.1968 	 0.1086
22 	 3 	 81.7414 	 32.0053 	 171.8377 	 1045.5256 	 1044.0002 	 0.0072 	 0.1959 	 0.1071
23 	 3 	 81.7380 	 32.0057 	 171.8388 	 1045.5114 	 1044.0297 	 0.0071 	 0.1916 	 0.1050
24 	 3 	 81.7427 	 32.0221 	 171.8386 	 1045.4913 	 1043.8446 	 0.0069 	 0.1863 	 0.1040
25 	 3 	 81.7363 	 32.0083 	 171.8456 	 1045.4646 	 1044.0251 	 0.0068 	 0.1816 	 0.1043
26 	 3 	 81.7430 	 32.0313 	 171.8434 	 1045.4799 	 1043.3378 	 0.0069 	 0.1920 	 0.1048
27 	 3 	 81.7408 	 32.0450 	 171.8335 	 1045.4588 	 1042.9256 	 0.0069 	 0.1866 	 0.0990
28 	 3 	 81.7453 	 32.0515 	 171.8296 	 1045.4427 	 1042.6799 	 0.0066 	 0.1793 	 0.0960
29 	 3 	 81.7463 	 32.0490 	 171.8260 	 1045.4514 	 1042.6952 	 0.0067 	 0.1782 	 0.0960
30 	 3 	 81.7476 	 32.0592 	 171.8347 	 1045.4409 	 1042.3588 	 0.0065 	 0.1732 	 0.0939
31 	 3 	 81.7472 	 32.0591 	 171.8363 	 1045.4356 	 1042.3389 	 0.0063 	 0.1691 	 0.0925
32 	 3 	 81.7478 	 32.0615 	 171.8359 	 1045.4412 	 1042.2417 	 0.0063 	 0.1654 	 0.0916
33 	 3 	 81.7515 	 32.0546 	 171.8434 	 1045.4357 	 1042.3237 	 0.0063 	 0.1631 	 0.0902
34 	 3 	 81.7530 	 32.0552 	 171.8376 	 1045.4463 	 1042.3760 	 0.0063 	 0.1627 	 0.0902
35 	 3 	 81.7560 	 32.0492 	 171.8365 	 1045.4214 	 1042.4280 	 0.0066 	 0.1682 	 0.0896
36 	 3 	 81.7577 	 32.0499 	 171.8371 	 1045.4263 	 1042.3953 	 0.0065 	 0.1665 	 0.0896
37 	 3 	 81.7636 	 32.0491 	 171.8301 	 1045.4203 	 1042.4015 	 0.0066 	 0.1669 	 0.0885
38 	 3 	 81.7579 	 32.0498 	 171.8354 	 1045.4620 	 1042.3293 	 0.0065 	 0.1718 	 0.0852
39 	 3 	 81.7559 	 32.0504 	 171.8453 	 1045.4455 	 1042.2811 	 0.0065 	 0.1679 	 0.0839
40 	 3 	 81.7512 	 32.0458 	 171.8507 	 1045.4669 	 1042.3836 	 0.0067 	 0.1709 	 0.0819
41 	 3 	 81.7501 	 32.0516 	 171.8540 	 1045.4089 	 1042.2950 	 0.0070 	 0.1773 	 0.0835
42 	 3 	 81.7543 	 32.0526 	 171.8412 	 1045.4088 	 1042.3618 	 0.0071 	 0.1806 	 0.0837
43 	 3 	 81.7546 	 32.0535 	 171.8337 	 1045.3836 	 1042.1676 	 0.0070 	 0.1790 	 0.0821
44 	 3 	 81.7569 	 32.0511 	 171.8343 	 1045.3844 	 1042.0925 	 0.0069 	 0.1764 	 0.0867
45 	 3 	 81.7562 	 32.0482 	 171.8293 	 1045.4332 	 1042.1110 	 0.0069 	 0.1780 	 0.0867
46 	 3 	 81.7566 	 32.0480 	 171.8264 	 1045.4255 	 1041.9884 	 0.0070 	 0.1753 	 0.0877
47 	 3 	 81.7581 	 32.0517 	 171.8266 	 1045.4251 	 1041.8197 	 0.0072 	 0.1800 	 0.0908
48 	 3 	 81.7613 	 32.0576 	 171.8295 	 1045.4503 	 1041.4351 	 0.0072 	 0.1865 	 0.0994
49 	 3 	 81.7674 	 32.0532 	 171.8439 	 1045.4117 	 1041.4792 	 0.0071 	 0.1814 	 0.1020
50 	 3 	 81.7666 	 32.0631 	 171.8368 	 1045.4194 	 1041.0628 	 0.0072 	 0.1828 	 0.1045
51 	 3 	 81.7684 	 32.0667 	 171.8369 	 1045.3935 	 1040.8932 	 0.0071 	 0.1846 	 0.1078
52 	 3 	 81.7663 	 32.0736 	 171.8355 	 1045.3477 	 1040.8112 	 0.0072 	 0.1837 	 0.1104
53 	 3 	 81.7687 	 32.0707 	 171.8372 	 1045.3363 	 1040.7748 	 0.0074 	 0.1887 	 0.1147
54 	 3 	 81.7693 	 32.0822 	 171.8254 	 1045.3350 	 1040.3327 	 0.0075 	 0.1919 	 0.1197
55 	 3 	 81.7735 	 32.0556 	 171.8442 	 1045.3952 	 1040.8807 	 0.0077 	 0.2082 	 0.1264
56 	 3 	 81.7794 	 32.0560 	 171.8546 	 1045.4100 	 1040.8074 	 0.0078 	 0.2096 	 0.1292
57 	 3 	 81.7816 	 32.0544 	 171.8539 	 1045.4255 	 1040.7400 	 0.0080 	 0.2151 	 0.1294
58 	 3 	 81.7846 	 32.0543 	 171.8575 	 1045.4197 	 1040.8433 	 0.0081 	 0.2162 	 0.1285
59 	 3 	 81.7856 	 32.0552 	 171.8587 	 1045.4372 	 1040.7911 	 0.0083 	 0.2209 	 0.1320
60 	 3 	 81.7890 	 32.0492 	 171.8763 	 1045.3506 	 1040.9312 	 0.0084 	 0.2238 	 0.1423
61 	 3 	 81.7895 	 32.0502 	 171.8759 	 1045.3969 	 1040.8781 	 0.0086 	 0.2265 	 0.1402
62 	 3 	 81.7913 	 32.0552 	 171.8721 	 1045.5526 	 1040.8011 	 0.0087 	 0.2258 	 0.1445
63 	 3 	 81.7876 	 32.0495 	 171.8701 	 1045.5355 	 1041.0077 	 0.0090 	 0.2339 	 0.1479
64 	 3 	 81.7892 	 32.0486 	 171.8722 	 1045.4773 	 1040.9517 	 0.0092 	 0.2403 	 0.1517
65 	 3 	 81.7841 	 32.0377 	 171.8797 	 1045.4444 	 1041.3106 	 0.0094 	 0.2465 	 0.1520
66 	 3 	 81.7892 	 32.0346 	 171.8915 	 1045.4614 	 1041.5275 	 0.0096 	 0.2507 	 0.1523
67 	 3 	 81.7911 	 32.0363 	 171.8946 	 1045.4788 	 1041.4557 	 0.0098 	 0.2578 	 0.1569
68 	 3 	 81.7896 	 32.0363 	 171.8989 	 1045.5004 	 1041.7061 	 0.0098 	 0.2543 	 0.1550
69 	 3 	 81.7901 	 32.0373 	 171.9009 	 1045.5089 	 1041.6667 	 0.0100 	 0.2591 	 0.1570
70 	 3 	 81.7901 	 32.0373 	 171.9009 	 1045.5089 	 1041.6667 	 0.0075 	 0.1960 	 0.1108
71 	 3 	 81.7901 	 32.0373 	 171.9009 	 1045.5089 	 1041.6667 	 0.0075 	 0.1960 	 0.1108
72 	 3 	 81.7901 	 32.0373 	 171.9009 	 1045.5089 	 1041.6667 	 0.0075 	 0.1960 	 0.1108
73 	 3 	 81.7901 	 32.0373 	 171.9009 	 1045.5089 	 1041.6667 	 0.0075 	 0.1960 	 0.1108
74 	 3 	 81.7901 	 32.0373 	 171.9009 	 1045.5089 	 1041.6667 	 0.0075 	 0.1960 	 0.1108
75 	 3 	 81.7901 	 32.0373 	 171.9009 	 1045.5089 	 1041.6667 	 0.0075 	 0.1960 	 0.1108
76 	 3 	 81.7901 	 32.0373 	 171.9009 	 1045.5089 	 1041.6667 	 0.0075 	 0.1960 	 0.1108
77 	 3 	 81.7901 	 32.0373 	 171.9009 	 1045.5089 	 1041.6667 	 0.0075 	 0.1960 	 0.1108
78 	 3 	 81.7901 	 32.0373 	 171.9009 	 1045.5089 	 1041.6667 	 0.0075 	 0.1960 	 0.1108
79 	 3 	 81.7901 	 32.0373 	 171.9009 	 1045.5089 	 1041.6667 	 0.0075 	 0.1960 	 0.1108
80 	 3 	 81.7901 	 32.0373 	 171.9009 	 1045.5089 	 1041.6667 	 0.0075 	 0.1960 	 0.1108
81 	 3 	 81.7901 	 32.0373 	 171.9009 	 1045.5089 	 1041.6667 	 0.0075 	 0.1960 	 0.1108
82 	 3 	 81.7901 	 32.0373 	 171.9009 	 1045.5089 	 1041.6667 	 0.0075 	 0.1960 	 0.1108
83 	 3 	 81.7901 	 32.0373 	 171.9009 	 1045.5089 	 1041.6667 	 0.0075 	 0.1960 	 0.1108
84 	 3 	 81.7901 	 32.0373 	 171.9009 	 1045.5089 	 1041.6667 	 0.0075 	 0.1960 	 0.1108
85 	 3 	 81.7901 	 32.0373 	 171.9009 	 1045.5089 	 1041.6667 	 0.0075 	 0.1960 	 0.1108
