[Lattice 1]

1 	 9 	 9.2926 	 12.4867 	 24.2695 	 101.5492 	 90.6657 	 96.4970 	 2739.6556 	 100.0000 
2 	 9 	 9.2926 	 12.4867 	 24.2695 	 101.5492 	 90.6657 	 96.4970 	 2739.6556 	 100.0000 
3 	 9 	 9.2926 	 12.4867 	 24.2695 	 101.5492 	 90.6657 	 96.4970 	 2739.6556 	 100.0000 
4 	 9 	 9.2926 	 12.4867 	 24.2695 	 101.5492 	 90.6657 	 96.4970 	 2739.6556 	 100.0000 
5 	 9 	 9.2926 	 12.4867 	 24.2695 	 101.5492 	 90.6657 	 96.4970 	 2739.6556 	 100.0000 
6 	 9 	 9.2926 	 12.4867 	 24.2695 	 101.5492 	 90.6657 	 96.4970 	 2739.6556 	 100.0000 
7 	 9 	 9.2926 	 12.4867 	 24.2695 	 101.5492 	 90.6657 	 96.4970 	 2739.6556 	 100.0000 
8 	 9 	 9.2926 	 12.4867 	 24.2695 	 101.5492 	 90.6657 	 96.4970 	 2739.6556 	 100.0000 
9 	 9 	 9.2926 	 12.4867 	 24.2695 	 101.5492 	 90.6657 	 96.4970 	 2739.6556 	 100.0000 
10 	 9 	 9.2926 	 12.4867 	 24.2695 	 101.5492 	 90.6657 	 96.4970 	 2739.6556 	 100.0000 
11 	 9 	 9.2926 	 12.4867 	 24.2695 	 101.5492 	 90.6657 	 96.4970 	 2739.6556 	 100.0000 
12 	 9 	 9.2926 	 12.4867 	 24.2695 	 101.5492 	 90.6657 	 96.4970 	 2739.6556 	 100.0000 
13 	 9 	 9.2926 	 12.4867 	 24.2695 	 101.5492 	 90.6657 	 96.4970 	 2739.6556 	 100.0000 
14 	 9 	 9.2926 	 12.4867 	 24.2695 	 101.5492 	 90.6657 	 96.4970 	 2739.6556 	 100.0000 
15 	 9 	 9.2926 	 12.4867 	 24.2695 	 101.5492 	 90.6657 	 96.4970 	 2739.6556 	 100.0000 
16 	 9 	 9.2926 	 12.4867 	 24.2695 	 101.5492 	 90.6657 	 96.4970 	 2739.6556 	 100.0000 
17 	 9 	 9.2926 	 12.4867 	 24.2695 	 101.5492 	 90.6657 	 96.4970 	 2739.6556 	 100.0000 
18 	 9 	 9.2926 	 12.4867 	 24.2695 	 101.5492 	 90.6657 	 96.4970 	 2739.6556 	 100.0000 
19 	 9 	 9.2926 	 12.4867 	 24.2695 	 101.5492 	 90.6657 	 96.4970 	 2739.6556 	 100.0000 
20 	 9 	 9.2926 	 12.4867 	 24.2695 	 101.5492 	 90.6657 	 96.4970 	 2739.6556 	 100.0000 
21 	 9 	 9.2926 	 12.4867 	 24.2695 	 101.5492 	 90.6657 	 96.4970 	 2739.6556 	 100.0000 
22 	 9 	 9.2926 	 12.4867 	 24.2695 	 101.5492 	 90.6657 	 96.4970 	 2739.6556 	 100.0000 
23 	 9 	 9.2926 	 12.4867 	 24.2695 	 101.5492 	 90.6657 	 96.4970 	 2739.6556 	 100.0000 
24 	 9 	 9.2918 	 12.4865 	 24.2699 	 101.5589 	 90.6632 	 96.5068 	 2739.2526 	 100.0000 
25 	 9 	 9.2921 	 12.4880 	 24.2688 	 101.5688 	 90.6718 	 96.5016 	 2739.4718 	 100.0000 
26 	 9 	 9.2917 	 12.4884 	 24.2688 	 101.5599 	 90.6754 	 96.5028 	 2739.5284 	 100.0000 
27 	 9 	 9.2915 	 12.4892 	 24.2690 	 101.5580 	 90.6780 	 96.5027 	 2739.6823 	 100.0000 
28 	 9 	 9.2910 	 12.4892 	 24.2682 	 101.5464 	 90.6779 	 96.5133 	 2739.4998 	 100.0000 
29 	 9 	 9.2909 	 12.4891 	 24.2687 	 101.5467 	 90.6809 	 96.5126 	 2739.5027 	 100.0000 
30 	 9 	 9.2909 	 12.4899 	 24.2681 	 101.5438 	 90.6833 	 96.5103 	 2739.6253 	 100.0000 
31 	 9 	 9.2909 	 12.4922 	 24.2696 	 101.5464 	 90.6913 	 96.5025 	 2740.3176 	 100.0000 
32 	 9 	 9.2909 	 12.4929 	 24.2695 	 101.5473 	 90.6952 	 96.5035 	 2740.4299 	 100.0000 
33 	 9 	 9.2905 	 12.4938 	 24.2713 	 101.5413 	 90.6962 	 96.5014 	 2740.8149 	 100.0000 
34 	 9 	 9.2900 	 12.4944 	 24.2737 	 101.5435 	 90.7015 	 96.4993 	 2741.0233 	 100.0000 
35 	 9 	 9.2882 	 12.4929 	 24.2775 	 101.5450 	 90.7048 	 96.5188 	 2740.4483 	 100.0000 
36 	 9 	 9.2883 	 12.4904 	 24.2738 	 101.5560 	 90.7083 	 96.5234 	 2739.3856 	 100.0000 
37 	 9 	 9.2882 	 12.4899 	 24.2736 	 101.5550 	 90.7083 	 96.5248 	 2739.2290 	 100.0000 
38 	 9 	 9.2882 	 12.4912 	 24.2723 	 101.5572 	 90.7129 	 96.5223 	 2739.3202 	 100.0000 
39 	 9 	 9.2885 	 12.4920 	 24.2680 	 101.5749 	 90.7106 	 96.5117 	 2739.0103 	 100.0000 
40 	 9 	 9.2881 	 12.4931 	 24.2671 	 101.5770 	 90.7134 	 96.5089 	 2739.0121 	 100.0000 
41 	 9 	 9.2877 	 12.4967 	 24.2648 	 101.5521 	 90.7110 	 96.4957 	 2739.7565 	 100.0000 
42 	 9 	 9.2865 	 12.4968 	 24.2652 	 101.5320 	 90.6957 	 96.5004 	 2739.6876 	 100.0000 
43 	 9 	 9.2855 	 12.4968 	 24.2641 	 101.5200 	 90.6912 	 96.5100 	 2739.3475 	 100.0000 
44 	 9 	 9.2859 	 12.4975 	 24.2633 	 101.5093 	 90.6870 	 96.5057 	 2739.6618 	 100.0000 
45 	 9 	 9.2858 	 12.4976 	 24.2627 	 101.5085 	 90.6854 	 96.5042 	 2739.5876 	 100.0000 
46 	 9 	 9.2858 	 12.4962 	 24.2625 	 101.5148 	 90.6850 	 96.5097 	 2739.1662 	 100.0000 
47 	 9 	 9.2861 	 12.4965 	 24.2632 	 101.5108 	 90.6865 	 96.5075 	 2739.4651 	 100.0000 
48 	 9 	 9.2855 	 12.4976 	 24.2641 	 101.5139 	 90.6872 	 96.5007 	 2739.6371 	 100.0000 
49 	 9 	 9.2861 	 12.4984 	 24.2623 	 101.5186 	 90.6923 	 96.4944 	 2739.7743 	 100.0000 
50 	 9 	 9.2860 	 12.4989 	 24.2624 	 101.5198 	 90.6930 	 96.4919 	 2739.8438 	 100.0000 
51 	 9 	 9.2861 	 12.5009 	 24.2630 	 101.5126 	 90.6949 	 96.4651 	 2740.6061 	 100.0000 
52 	 9 	 9.2861 	 12.5009 	 24.2630 	 101.5126 	 90.6949 	 96.4651 	 2740.6061 	 100.0000 
53 	 9 	 9.2861 	 12.5009 	 24.2630 	 101.5126 	 90.6949 	 96.4651 	 2740.6061 	 100.0000 
54 	 9 	 9.2861 	 12.5009 	 24.2630 	 101.5126 	 90.6949 	 96.4651 	 2740.6061 	 100.0000 
55 	 9 	 9.2861 	 12.5009 	 24.2630 	 101.5126 	 90.6949 	 96.4651 	 2740.6061 	 100.0000 
56 	 9 	 9.2861 	 12.5009 	 24.2630 	 101.5126 	 90.6949 	 96.4651 	 2740.6061 	 100.0000 
57 	 9 	 9.2861 	 12.5009 	 24.2630 	 101.5126 	 90.6949 	 96.4651 	 2740.6061 	 100.0000 
58 	 9 	 9.2861 	 12.5009 	 24.2630 	 101.5126 	 90.6949 	 96.4651 	 2740.6061 	 100.0000 
59 	 9 	 9.2861 	 12.5009 	 24.2630 	 101.5126 	 90.6949 	 96.4651 	 2740.6061 	 100.0000 
60 	 9 	 9.2861 	 12.5009 	 24.2630 	 101.5126 	 90.6949 	 96.4651 	 2740.6061 	 100.0000 
61 	 9 	 9.2861 	 12.5009 	 24.2630 	 101.5126 	 90.6949 	 96.4651 	 2740.6061 	 100.0000 
62 	 9 	 9.2861 	 12.5009 	 24.2630 	 101.5126 	 90.6949 	 96.4651 	 2740.6061 	 100.0000 
63 	 9 	 9.2861 	 12.5009 	 24.2630 	 101.5126 	 90.6949 	 96.4651 	 2740.6061 	 100.0000 
64 	 9 	 9.2861 	 12.5009 	 24.2630 	 101.5126 	 90.6949 	 96.4651 	 2740.6061 	 100.0000 
65 	 9 	 9.2861 	 12.5009 	 24.2630 	 101.5126 	 90.6949 	 96.4651 	 2740.6061 	 100.0000 
66 	 9 	 9.2861 	 12.5009 	 24.2630 	 101.5126 	 90.6949 	 96.4651 	 2740.6061 	 100.0000 
67 	 9 	 9.2861 	 12.5009 	 24.2630 	 101.5126 	 90.6949 	 96.4651 	 2740.6061 	 100.0000 
68 	 9 	 9.2861 	 12.5009 	 24.2630 	 101.5126 	 90.6949 	 96.4651 	 2740.6061 	 100.0000 
69 	 9 	 9.2861 	 12.5009 	 24.2630 	 101.5126 	 90.6949 	 96.4651 	 2740.6061 	 100.0000 
70 	 9 	 9.2861 	 12.5009 	 24.2630 	 101.5126 	 90.6949 	 96.4651 	 2740.6061 	 100.0000 
71 	 9 	 9.2861 	 12.5009 	 24.2630 	 101.5126 	 90.6949 	 96.4651 	 2740.6061 	 100.0000 
72 	 9 	 9.2861 	 12.5009 	 24.2630 	 101.5126 	 90.6949 	 96.4651 	 2740.6061 	 100.0000 
73 	 9 	 9.2861 	 12.5009 	 24.2630 	 101.5126 	 90.6949 	 96.4651 	 2740.6061 	 100.0000 
