[Lattice 1]

1 	 5 	 7.0121 	 14.0144 	 18.0622 	 89.8681 	 97.8126 	 90.0220 	 1758.4876 	 100.0000 
2 	 5 	 7.0121 	 14.0144 	 18.0622 	 89.8681 	 97.8126 	 90.0220 	 1758.4876 	 100.0000 
3 	 5 	 7.0121 	 14.0144 	 18.0622 	 89.8681 	 97.8126 	 90.0220 	 1758.4876 	 100.0000 
4 	 5 	 7.0121 	 14.0144 	 18.0622 	 89.8681 	 97.8126 	 90.0220 	 1758.4876 	 100.0000 
5 	 5 	 7.0121 	 14.0144 	 18.0622 	 89.8681 	 97.8126 	 90.0220 	 1758.4876 	 100.0000 
6 	 5 	 7.0121 	 14.0144 	 18.0622 	 89.8681 	 97.8126 	 90.0220 	 1758.4876 	 100.0000 
7 	 5 	 7.0121 	 14.0144 	 18.0622 	 89.8681 	 97.8126 	 90.0220 	 1758.4876 	 100.0000 
8 	 5 	 7.0121 	 14.0144 	 18.0622 	 89.8681 	 97.8126 	 90.0220 	 1758.4876 	 100.0000 
9 	 5 	 7.0121 	 14.0144 	 18.0622 	 89.8681 	 97.8126 	 90.0220 	 1758.4876 	 100.0000 
10 	 5 	 7.0121 	 14.0144 	 18.0622 	 89.8681 	 97.8126 	 90.0220 	 1758.4876 	 100.0000 
11 	 5 	 7.0121 	 14.0144 	 18.0622 	 89.8681 	 97.8126 	 90.0220 	 1758.4876 	 100.0000 
12 	 5 	 7.0112 	 14.0148 	 18.0533 	 89.8941 	 97.7886 	 90.0120 	 1757.5530 	 100.0000 
13 	 5 	 7.0113 	 14.0152 	 18.0517 	 89.8837 	 97.7945 	 90.0136 	 1757.4562 	 100.0000 
14 	 5 	 7.0101 	 14.0153 	 18.0432 	 89.8996 	 97.7628 	 89.9993 	 1756.4738 	 100.0000 
15 	 5 	 7.0091 	 14.0149 	 18.0297 	 89.9317 	 97.7262 	 89.9836 	 1755.0236 	 100.0000 
16 	 5 	 7.0088 	 14.0146 	 18.0200 	 89.9356 	 97.7115 	 89.9850 	 1754.0093 	 100.0000 
17 	 5 	 7.0081 	 14.0152 	 18.0163 	 89.9288 	 97.6945 	 89.9876 	 1753.6219 	 100.0000 
18 	 5 	 7.0076 	 14.0152 	 18.0182 	 89.9469 	 97.6893 	 89.9803 	 1753.6946 	 100.0000 
19 	 5 	 7.0074 	 14.0153 	 18.0116 	 89.9322 	 97.6839 	 89.9825 	 1753.0574 	 100.0000 
20 	 5 	 7.0073 	 14.0155 	 18.0105 	 89.9434 	 97.6772 	 89.9798 	 1752.9627 	 100.0000 
21 	 5 	 7.0074 	 14.0158 	 18.0108 	 89.9445 	 97.6771 	 89.9797 	 1753.0454 	 100.0000 
22 	 5 	 7.0087 	 14.0147 	 18.0050 	 89.9169 	 97.6995 	 89.9922 	 1752.5903 	 100.0000 
23 	 5 	 7.0104 	 14.0146 	 18.0153 	 89.9128 	 97.7422 	 89.9957 	 1753.8364 	 100.0000 
24 	 5 	 7.0103 	 14.0147 	 18.0172 	 89.9236 	 97.7407 	 89.9905 	 1754.0049 	 100.0000 
25 	 5 	 7.0107 	 14.0150 	 18.0248 	 89.9326 	 97.7598 	 89.9872 	 1754.8050 	 100.0000 
26 	 5 	 7.0090 	 14.0143 	 18.0149 	 89.9364 	 97.7150 	 89.9848 	 1753.5057 	 100.0000 
27 	 5 	 7.0089 	 14.0139 	 18.0178 	 89.9604 	 97.7192 	 89.9735 	 1753.6978 	 100.0000 
28 	 5 	 7.0090 	 14.0142 	 18.0186 	 89.9546 	 97.7284 	 89.9756 	 1753.8016 	 100.0000 
29 	 5 	 7.0087 	 14.0141 	 18.0186 	 89.9498 	 97.7184 	 89.9839 	 1753.7528 	 100.0000 
30 	 5 	 7.0096 	 14.0144 	 18.0288 	 89.9743 	 97.7552 	 89.9668 	 1754.8788 	 100.0000 
31 	 5 	 7.0106 	 14.0144 	 18.0283 	 89.9790 	 97.7672 	 89.9644 	 1755.0245 	 100.0000 
32 	 5 	 7.0119 	 14.0143 	 18.0364 	 89.9873 	 97.7966 	 89.9626 	 1755.9929 	 100.0000 
33 	 5 	 7.0110 	 14.0143 	 18.0313 	 89.9561 	 97.7797 	 89.9800 	 1755.3401 	 100.0000 
34 	 5 	 7.0095 	 14.0144 	 18.0271 	 89.9500 	 97.7514 	 89.9861 	 1754.6848 	 100.0000 
35 	 5 	 7.0099 	 14.0136 	 18.0357 	 89.9569 	 97.7763 	 89.9868 	 1755.4266 	 100.0000 
36 	 5 	 7.0106 	 14.0136 	 18.0391 	 89.9388 	 97.7990 	 89.9926 	 1755.8322 	 100.0000 
37 	 5 	 7.0084 	 14.0144 	 18.0345 	 89.9407 	 97.7706 	 89.9897 	 1755.0472 	 100.0000 
38 	 5 	 7.0092 	 14.0140 	 18.0368 	 89.9454 	 97.7821 	 89.9881 	 1755.3769 	 100.0000 
39 	 5 	 7.0085 	 14.0135 	 18.0350 	 89.9449 	 97.7711 	 89.9902 	 1755.0128 	 100.0000 
40 	 5 	 7.0085 	 14.0146 	 18.0341 	 89.9564 	 97.7746 	 89.9803 	 1755.0542 	 100.0000 
41 	 5 	 7.0074 	 14.0151 	 18.0315 	 89.9603 	 97.7626 	 89.9772 	 1754.6328 	 100.0000 
42 	 5 	 7.0068 	 14.0158 	 18.0278 	 89.9691 	 97.7512 	 89.9697 	 1754.2719 	 100.0000 
43 	 5 	 7.0043 	 14.0171 	 18.0226 	 89.9807 	 97.7144 	 89.9671 	 1753.4395 	 100.0000 
44 	 5 	 7.0032 	 14.0189 	 18.0188 	 89.9949 	 97.7030 	 89.9576 	 1753.0870 	 100.0000 
45 	 5 	 7.0047 	 14.0196 	 18.0212 	 90.0103 	 97.7256 	 89.9430 	 1753.6712 	 100.0000 
46 	 5 	 7.0072 	 14.0182 	 18.0228 	 90.0017 	 97.7466 	 89.9512 	 1754.1985 	 100.0000 
47 	 5 	 7.0073 	 14.0174 	 18.0256 	 90.0114 	 97.7507 	 89.9486 	 1754.3714 	 100.0000 
48 	 5 	 7.0076 	 14.0171 	 18.0244 	 90.0172 	 97.7459 	 89.9446 	 1754.3032 	 100.0000 
49 	 5 	 7.0060 	 14.0173 	 18.0198 	 90.0236 	 97.7218 	 89.9400 	 1753.5912 	 100.0000 
50 	 5 	 7.0058 	 14.0185 	 18.0212 	 90.0346 	 97.7255 	 89.9289 	 1753.8093 	 100.0000 
51 	 5 	 7.0048 	 14.0177 	 18.0190 	 90.0291 	 97.7101 	 89.9335 	 1753.3022 	 100.0000 
52 	 5 	 7.0033 	 14.0169 	 18.0168 	 90.0187 	 97.6929 	 89.9438 	 1752.7033 	 100.0000 
53 	 5 	 7.0010 	 14.0173 	 18.0146 	 90.0250 	 97.6645 	 89.9437 	 1752.0774 	 100.0000 
54 	 5 	 7.0010 	 14.0187 	 18.0173 	 90.0367 	 97.6797 	 89.9305 	 1752.4264 	 100.0000 
55 	 5 	 7.0001 	 14.0186 	 18.0172 	 90.0360 	 97.6787 	 89.9302 	 1752.2084 	 100.0000 
56 	 5 	 7.0057 	 14.0184 	 18.0238 	 90.0454 	 97.7364 	 89.9196 	 1753.9894 	 100.0000 
57 	 5 	 7.0069 	 14.0172 	 18.0252 	 90.0326 	 97.7490 	 89.9293 	 1754.2240 	 100.0000 
58 	 5 	 7.0093 	 14.0162 	 18.0272 	 90.0387 	 97.7646 	 89.9306 	 1754.8199 	 100.0000 
59 	 5 	 7.0057 	 14.0171 	 18.0234 	 90.0251 	 97.7319 	 89.9453 	 1753.7851 	 100.0000 
60 	 5 	 7.0087 	 14.0177 	 18.0247 	 90.0377 	 97.7543 	 89.9275 	 1754.6469 	 100.0000 
61 	 5 	 7.0076 	 14.0163 	 18.0256 	 90.0296 	 97.7497 	 89.9461 	 1754.3153 	 100.0000 
62 	 5 	 7.0089 	 14.0159 	 18.0265 	 90.0285 	 97.7611 	 89.9458 	 1754.6220 	 100.0000 
63 	 5 	 7.0100 	 14.0153 	 18.0253 	 90.0247 	 97.7631 	 89.9454 	 1754.7078 	 100.0000 
64 	 5 	 7.0110 	 14.0147 	 18.0275 	 90.0263 	 97.7771 	 89.9469 	 1755.0299 	 100.0000 
65 	 5 	 7.0096 	 14.0126 	 18.0254 	 90.0092 	 97.7560 	 89.9666 	 1754.3140 	 100.0000 
66 	 5 	 7.0098 	 14.0130 	 18.0254 	 90.0070 	 97.7569 	 89.9684 	 1754.3886 	 100.0000 
67 	 5 	 7.0086 	 14.0162 	 18.0251 	 90.0260 	 97.7535 	 89.9378 	 1754.4821 	 100.0000 
68 	 5 	 7.0090 	 14.0189 	 18.0244 	 90.0354 	 97.7550 	 89.9147 	 1754.8434 	 100.0000 
69 	 5 	 7.0048 	 14.0187 	 18.0248 	 90.0319 	 97.7390 	 89.9344 	 1753.8831 	 100.0000 
70 	 5 	 7.0076 	 14.0214 	 18.0281 	 90.0411 	 97.7720 	 89.9139 	 1755.0867 	 100.0000 
71 	 5 	 7.0088 	 14.0186 	 18.0281 	 90.0299 	 97.7731 	 89.9344 	 1755.0444 	 100.0000 
72 	 5 	 7.0100 	 14.0162 	 18.0274 	 90.0237 	 97.7666 	 89.9554 	 1755.0117 	 100.0000 
73 	 5 	 7.0079 	 14.0160 	 18.0274 	 90.0207 	 97.7589 	 89.9658 	 1754.4796 	 100.0000 
74 	 5 	 7.0072 	 14.0190 	 18.0274 	 90.0309 	 97.7635 	 89.9428 	 1754.6561 	 100.0000 
75 	 5 	 7.0069 	 14.0157 	 18.0258 	 90.0149 	 97.7551 	 89.9740 	 1754.0544 	 100.0000 
76 	 5 	 7.0081 	 14.0163 	 18.0251 	 90.0151 	 97.7541 	 89.9653 	 1754.3812 	 100.0000 
77 	 5 	 7.0101 	 14.0179 	 18.0254 	 90.0277 	 97.7616 	 89.9399 	 1755.0811 	 100.0000 
78 	 5 	 7.0129 	 14.0195 	 18.0257 	 90.0476 	 97.7757 	 89.9166 	 1755.9352 	 100.0000 
79 	 5 	 7.0102 	 14.0222 	 18.0248 	 90.0510 	 97.7638 	 89.9010 	 1755.5661 	 100.0000 
80 	 5 	 7.0139 	 14.0217 	 18.0239 	 90.0521 	 97.7612 	 89.8861 	 1756.3488 	 100.0000 
81 	 5 	 7.0161 	 14.0239 	 18.0240 	 90.0574 	 97.7676 	 89.8571 	 1757.1568 	 100.0000 
82 	 5 	 7.0177 	 14.0241 	 18.0242 	 90.0606 	 97.7728 	 89.8491 	 1757.5948 	 100.0000 
83 	 5 	 7.0182 	 14.0251 	 18.0245 	 90.0641 	 97.7821 	 89.8404 	 1757.8262 	 100.0000 
84 	 5 	 7.0125 	 14.0230 	 18.0255 	 90.0549 	 97.7880 	 89.8868 	 1756.2072 	 100.0000 
85 	 5 	 7.0124 	 14.0263 	 18.0250 	 90.0607 	 97.7904 	 89.8620 	 1756.5479 	 100.0000 
86 	 5 	 7.0087 	 14.0220 	 18.0251 	 90.0539 	 97.7804 	 89.9093 	 1755.1212 	 100.0000 
87 	 5 	 7.0079 	 14.0204 	 18.0249 	 90.0497 	 97.7789 	 89.9250 	 1754.7210 	 100.0000 
88 	 5 	 7.0080 	 14.0174 	 18.0241 	 90.0387 	 97.7660 	 89.9482 	 1754.3460 	 100.0000 
89 	 5 	 7.0076 	 14.0135 	 18.0233 	 90.0304 	 97.7583 	 89.9789 	 1753.7128 	 100.0000 
90 	 5 	 7.0108 	 14.0137 	 18.0224 	 90.0262 	 97.7520 	 89.9622 	 1754.4708 	 100.0000 
91 	 5 	 7.0108 	 14.0119 	 18.0217 	 90.0134 	 97.7384 	 89.9746 	 1754.2257 	 100.0000 
92 	 5 	 7.0108 	 14.0119 	 18.0217 	 90.0134 	 97.7384 	 89.9746 	 1754.2257 	 100.0000 
93 	 5 	 7.0108 	 14.0119 	 18.0217 	 90.0134 	 97.7384 	 89.9746 	 1754.2257 	 100.0000 
94 	 5 	 7.0108 	 14.0119 	 18.0217 	 90.0134 	 97.7384 	 89.9746 	 1754.2257 	 100.0000 
95 	 5 	 7.0108 	 14.0119 	 18.0217 	 90.0134 	 97.7384 	 89.9746 	 1754.2257 	 100.0000 
96 	 5 	 7.0108 	 14.0119 	 18.0217 	 90.0134 	 97.7384 	 89.9746 	 1754.2257 	 100.0000 
97 	 5 	 7.0108 	 14.0119 	 18.0217 	 90.0134 	 97.7384 	 89.9746 	 1754.2257 	 100.0000 
98 	 5 	 7.0108 	 14.0119 	 18.0217 	 90.0134 	 97.7384 	 89.9746 	 1754.2257 	 100.0000 
99 	 5 	 7.0108 	 14.0119 	 18.0217 	 90.0134 	 97.7384 	 89.9746 	 1754.2257 	 100.0000 
100 	 5 	 7.0108 	 14.0119 	 18.0217 	 90.0134 	 97.7384 	 89.9746 	 1754.2257 	 100.0000 
101 	 5 	 7.0108 	 14.0119 	 18.0217 	 90.0134 	 97.7384 	 89.9746 	 1754.2257 	 100.0000 
