-180     -1.0083357e+02
-170     -1.0130307e+02
-160     -1.0476464e+02
-150     -1.0800765e+02
-140     6.1813599e+03
-130     -1.2012397e+02
-120     -1.2168062e+02
-110     -1.2168761e+02
-100     -1.2052438e+02
-90     -1.1912300e+02
-80     -1.1786408e+02
-70     -1.1658491e+02
-60     -1.1477052e+02
-50     -1.1216685e+02
-40     -1.0848621e+02
-30     -1.0411498e+02
-20     -9.8824287e+01
-10     -9.3105980e+01
0     -9.0096764e+01
10     -9.3906693e+01
20     -9.9482735e+01
30     7.1557847e+03
40     7.2511470e+03
50     6.4892075e+03
60     5.6677886e+03
70     -1.1657390e+02
80     -1.1785574e+02
90     5.7019175e+03
100     -1.2054893e+02
110     -1.2167976e+02
120     -1.2170142e+02
130     -1.2012091e+02
140     -1.1683142e+02
150     1.5223041e+03
160     -1.0472234e+02
170     -1.0138130e+02
180     -1.0081123e+02
