-180     -1.0381932e+02
-170     -1.0328535e+02
-160     -1.0432524e+02
-150     -1.0491741e+02
-140     1.1197290e+03
-130     -1.1182792e+02
-120     -1.1158485e+02
-110     -1.1094883e+02
-100     -1.1061208e+02
-90     -1.1084823e+02
-80     -1.1117062e+02
-70     -1.1140504e+02
-60     -1.1310798e+02
-50     -1.1765508e+02
-40     -1.2116245e+02
-30     -1.2292358e+02
-20     -1.2265241e+02
-10     -1.2083372e+02
0     -1.1993870e+02
10     -1.2120663e+02
20     -1.2283924e+02
30     6.9395645e+03
40     7.1190752e+03
50     7.0908936e+03
60     -1.1310319e+02
70     -1.1141611e+02
80     -1.1117894e+02
90     4.4981821e+03
100     -1.1060353e+02
110     -1.1093707e+02
120     -1.1157904e+02
130     -1.1184331e+02
140     1.2795779e+03
150     1.4627257e+03
160     -1.0431290e+02
170     -1.0336843e+02
180     -1.0385061e+02
