-180     6.2752728e+02
-170     5.5850629e+02
-160     5.1969318e+02
-150     4.7776785e+02
-140     4.2978934e+02
-130     -9.3701019e+01
-120     -9.8070168e+01
-110     -1.0043893e+02
-100     -1.0127319e+02
-90     -1.0128741e+02
-80     -1.0006364e+02
-70     -9.8002953e+01
-60     -9.5250244e+01
-50     -9.2147987e+01
-40     -8.8162582e+01
-30     -8.3111641e+01
-20     -7.7579948e+01
-10     -7.1818687e+01
0     -6.8254028e+01
10     -6.8751320e+01
20     -7.3093315e+01
30     -7.8572487e+01
