-180     3.2888589e+02
-170     3.1184586e+02
-160     2.8461285e+02
-150     2.5306924e+02
-140     2.2507477e+02
-130     1.8535184e+02
-120     1.4916939e+02
-110     9.8812698e+01
-100     -7.4086456e+01
-90     -6.6515808e+01
-80     -6.6356201e+01
-70     -6.5940353e+01
-60     -6.5458862e+01
-50     -6.4814499e+01
-40     -6.4172173e+01
-30     -6.3586632e+01
-20     -6.3186001e+01
-10     -6.2963116e+01
0     -6.2975357e+01
10     -6.2940804e+01
20     -6.3158581e+01
30     -6.3599991e+01
40     -6.4187698e+01
50     -6.4792229e+01
60     -6.5442680e+01
70     -6.5969604e+01
80     -6.6357925e+01
90     -7.0432709e+01
100     -7.4058304e+01
110     9.9572945e+01
120     1.4991293e+02
130     1.8586401e+02
140     2.2565285e+02
150     2.5369049e+02
160     2.8381967e+02
170     3.1196695e+02
180     3.2874426e+02
