-180     2.9678986e+02
-170     2.7337961e+02
-160     2.4590858e+02
-150     2.1566023e+02
-140     1.8870813e+02
-130     1.4848041e+02
-120     1.1207532e+02
-110     6.7617157e+01
-100     -8.5234612e+01
-90     -8.6618584e+01
-80     -9.2153992e+01
-70     -9.7219543e+01
-60     -1.0102534e+02
-50     -1.0363763e+02
-40     -1.0499203e+02
-30     -1.0563612e+02
-20     -1.0577458e+02
-10     -1.0589494e+02
0     -1.0601501e+02
10     -1.0589920e+02
20     -1.0577525e+02
30     -1.0561806e+02
40     -1.0503447e+02
50     -1.0366423e+02
60     -1.0108918e+02
70     -9.7216331e+01
80     -9.2171272e+01
90     -8.6685188e+01
100     -8.5286491e+01
110     6.8436417e+01
120     1.1266586e+02
130     1.4855022e+02
140     1.8825452e+02
150     2.1612962e+02
160     2.4579666e+02
170     2.7352545e+02
180     2.9660153e+02
