100     1.1095408e+02
101     1.1840462e+02
102     1.2563399e+02
103     1.3402422e+02
104     1.4244847e+02
105     1.4994086e+02
106     1.5889154e+02
107     1.6626057e+02
108     1.7531761e+02
109     1.8146936e+02
110     1.9448741e+02
111     2.0522519e+02
112     1.4746078e+02
113     2.2454602e+02
114     2.3311276e+02
115     1.6109787e+02
116     1.6755717e+02
117     1.7270578e+02
118     1.7993547e+02
119     1.8969865e+02
120     2.0207545e+02
121     2.0595987e+02
122     2.1718382e+02
123     2.3133820e+02
124     2.3835725e+02
125     3.8018695e+02
126     2.6246841e+02
127     2.7707150e+02
128     2.8737216e+02
129     3.0066019e+02
130     4.6450671e+02
