[CryoJet 1]
	Time [s]	Temp T[k]	TSet	Shield flow	Sample flow	Heater pow[R5]	Heater pow[R6]	Run	Frame
Tue May 09 08:23:11 2017	 173.00	 173.00	   3.00	   3.00	  21.70	  10.50	 1	 0
Tue May 09 08:23:22 2017	 173.00	 173.00	   3.00	   3.00	  22.60	  10.90	 1	 0
Tue May 09 08:23:32 2017	 173.00	 173.00	   3.00	   3.00	  21.90	  10.50	 1	 0
Tue May 09 08:23:43 2017	 173.00	 173.00	   3.00	   3.00	  21.80	  10.50	 1	 0
Tue May 09 08:23:54 2017	 173.00	 173.00	   3.00	   3.00	  21.80	  10.50	 1	 0
Tue May 09 08:24:04 2017	 173.00	 173.00	   3.00	   3.00	  21.80	  10.30	 1	 0
Tue May 09 08:24:15 2017	 173.00	 173.00	   3.00	   3.00	  21.70	  10.40	 1	 0
Tue May 09 08:24:25 2017	 173.00	 173.00	   3.00	   3.00	  21.10	  10.40	 1	 0
Tue May 09 08:24:36 2017	 173.00	 173.00	   3.00	   3.00	  22.50	  10.40	 1	 0
Tue May 09 08:24:47 2017	 173.00	 173.00	   3.00	   3.00	  21.80	  10.40	 1	 0
Tue May 09 08:24:57 2017	 173.00	 173.00	   3.00	   3.00	  21.60	  10.40	 1	 0
Tue May 09 08:25:08 2017	 173.00	 173.00	   3.00	   3.00	  21.60	  10.40	 1	 0
Tue May 09 08:25:19 2017	 173.00	 173.00	   3.00	   3.00	  21.90	  10.40	 1	 1
Tue May 09 08:25:29 2017	 173.00	 173.00	   3.00	   3.00	  21.80	  10.50	 1	 1
Tue May 09 08:25:40 2017	 173.00	 173.00	   3.00	   3.00	  21.80	  10.40	 1	 1
Tue May 09 08:25:50 2017	 173.00	 173.00	   3.00	   3.00	  21.80	  10.40	 1	 1
Tue May 09 08:26:01 2017	 173.00	 173.00	   3.00	   3.00	  21.80	  10.40	 1	 2
Tue May 09 08:26:12 2017	 173.00	 173.00	   3.00	   3.00	  21.70	  10.40	 1	 2
Tue May 09 08:26:22 2017	 173.00	 173.00	   3.00	   3.00	  21.70	  10.40	 1	 2
Tue May 09 08:26:33 2017	 173.00	 173.00	   3.00	   3.00	  21.50	  10.30	 1	 2
Tue May 09 08:26:43 2017	 173.00	 173.00	   3.00	   3.00	  21.80	  10.40	 1	 3
Tue May 09 08:26:54 2017	 173.00	 173.00	   3.00	   3.00	  21.70	  10.40	 1	 3
Tue May 09 08:27:05 2017	 173.00	 173.00	   3.00	   3.00	  21.60	  10.40	 1	 3
Tue May 09 08:27:15 2017	 173.00	 173.00	   3.00	   3.00	  21.70	  10.40	 1	 3
Tue May 09 08:27:26 2017	 173.00	 173.00	   3.00	   3.00	  21.70	  10.40	 1	 4
Tue May 09 08:27:37 2017	 173.00	 173.00	   3.00	   3.00	  21.80	  10.10	 1	 4
Tue May 09 08:27:47 2017	 173.00	 173.00	   3.00	   3.00	  21.90	  10.50	 1	 4
Tue May 09 08:27:58 2017	 173.00	 173.00	   3.00	   3.00	  22.10	  10.60	 1	 4
Tue May 09 08:28:08 2017	 173.00	 173.00	   3.00	   3.00	  21.80	  10.60	 1	 5
Tue May 09 08:28:19 2017	 173.00	 173.00	   3.00	   3.00	  22.10	  10.60	 1	 5
Tue May 09 08:28:30 2017	 173.00	 173.00	   3.00	   3.00	  22.10	  10.50	 1	 5
Tue May 09 08:28:40 2017	 173.00	 173.00	   3.00	   3.00	  22.10	  10.60	 1	 5
Tue May 09 08:28:51 2017	 173.00	 173.00	   3.00	   3.00	  21.40	  10.40	 1	 5
Tue May 09 08:29:02 2017	 173.00	 173.00	   3.00	   3.00	  22.10	  10.30	 1	 5
Tue May 09 08:29:12 2017	 173.00	 173.00	   3.00	   3.00	  22.20	  10.60	 2	 1
Tue May 09 08:29:23 2017	 173.00	 173.00	   3.00	   3.00	  22.20	  10.30	 2	 1
Tue May 09 08:29:33 2017	 173.00	 173.00	   3.00	   3.00	  22.20	  10.60	 2	 1
Tue May 09 08:29:44 2017	 173.00	 173.00	   3.00	   3.00	  21.50	  11.00	 2	 1
Tue May 09 08:29:55 2017	 173.00	 173.00	   3.00	   3.00	  21.50	  10.60	 2	 1
Tue May 09 08:30:06 2017	 173.00	 173.00	   3.00	   3.00	  20.50	  10.50	 2	 2
Tue May 09 08:30:16 2017	 173.00	 173.00	   3.00	   3.00	  23.00	  11.20	 2	 2
Tue May 09 08:30:27 2017	 173.00	 173.00	   3.00	   3.00	  22.00	  10.60	 2	 2
Tue May 09 08:30:38 2017	 173.00	 173.00	   3.00	   3.00	  22.00	  10.50	 2	 2
Tue May 09 08:30:48 2017	 173.00	 173.00	   3.00	   3.00	  22.00	  10.50	 2	 3
Tue May 09 08:30:59 2017	 173.00	 173.00	   3.00	   3.00	  22.00	  10.50	 2	 3
Tue May 09 08:31:10 2017	 173.00	 173.00	   3.00	   3.00	  22.00	  10.50	 2	 3
Tue May 09 08:31:20 2017	 173.00	 173.00	   3.00	   3.00	  21.50	  10.20	 2	 3
Tue May 09 08:31:31 2017	 173.00	 173.00	   3.00	   3.00	  21.80	  10.20	 2	 4
Tue May 09 08:31:41 2017	 173.00	 173.00	   3.00	   3.00	  21.90	  10.50	 2	 4
Tue May 09 08:31:52 2017	 173.00	 173.00	   3.00	   3.00	  21.80	  10.20	 2	 4
Tue May 09 08:32:03 2017	 173.00	 173.00	   3.00	   3.00	  21.80	  10.30	 2	 4
Tue May 09 08:32:13 2017	 173.00	 173.00	   3.00	   3.00	  22.70	  10.50	 2	 5
Tue May 09 08:32:24 2017	 173.00	 173.00	   3.00	   3.00	  21.90	  10.50	 2	 5
Tue May 09 08:32:34 2017	 173.00	 173.00	   3.00	   3.00	  21.30	  10.30	 2	 5
Tue May 09 08:32:45 2017	 173.00	 173.00	   3.00	   3.00	  21.90	  10.50	 2	 5
Tue May 09 08:32:56 2017	 173.00	 173.00	   3.00	   3.00	  21.20	  10.30	 2	 5
Tue May 09 08:33:06 2017	 173.00	 173.00	   3.00	   3.00	  22.50	  10.50	 3	 1
Tue May 09 08:33:17 2017	 173.00	 173.00	   3.00	   3.00	  21.90	  10.50	 3	 1
Tue May 09 08:33:28 2017	 173.00	 173.00	   3.00	   3.00	  21.90	  10.50	 3	 1
Tue May 09 08:33:38 2017	 173.00	 173.00	   3.00	   3.00	  21.90	  10.50	 3	 1
Tue May 09 08:33:49 2017	 173.00	 173.00	   3.00	   3.00	  21.90	  10.10	 3	 2
Tue May 09 08:34:00 2017	 173.00	 173.00	   3.00	   3.00	  22.40	  10.50	 3	 2
Tue May 09 08:34:10 2017	 173.00	 173.00	   3.00	   3.00	  21.90	  10.70	 3	 2
Tue May 09 08:34:21 2017	 173.00	 173.00	   3.00	   3.00	  21.90	  10.50	 3	 2
Tue May 09 08:34:31 2017	 173.00	 173.00	   3.00	   3.00	  22.00	  10.50	 3	 3
Tue May 09 08:34:42 2017	 173.00	 173.00	   3.00	   3.00	  21.40	  10.30	 3	 3
Tue May 09 08:34:53 2017	 173.00	 173.00	   3.00	   3.00	  21.90	  10.50	 3	 3
Tue May 09 08:35:03 2017	 173.00	 173.00	   3.00	   3.00	  21.30	  10.50	 3	 3
Tue May 09 08:35:14 2017	 173.00	 173.00	   3.00	   3.00	  21.30	  10.50	 3	 4
Tue May 09 08:35:25 2017	 173.00	 173.00	   3.00	   3.00	  21.90	  10.50	 3	 4
Tue May 09 08:35:35 2017	 173.00	 173.00	   3.00	   3.00	  21.90	  10.30	 3	 4
Tue May 09 08:35:46 2017	 173.00	 173.00	   3.00	   3.00	  21.80	  10.20	 3	 4
Tue May 09 08:35:57 2017	 173.00	 173.00	   3.00	   3.00	  21.80	  10.50	 3	 5
Tue May 09 08:36:07 2017	 173.00	 173.00	   3.00	   3.00	  21.80	  10.50	 3	 5
Tue May 09 08:36:18 2017	 173.00	 173.00	   3.00	   3.00	  21.80	  10.50	 3	 5
Tue May 09 08:36:28 2017	 173.00	 173.00	   3.00	   3.00	  21.90	  10.20	 3	 5
Tue May 09 08:36:39 2017	 173.00	 173.00	   3.00	   3.00	  22.30	  10.10	 3	 5
Tue May 09 08:36:50 2017	 173.00	 173.00	   3.00	   3.00	  21.80	  10.50	 3	 5
Tue May 09 08:37:00 2017	 173.00	 173.00	   3.00	   3.00	  21.90	  10.20	 3	 5
Tue May 09 08:37:11 2017	 173.00	 173.00	   3.00	   3.00	  21.90	  10.40	 3	 5
Tue May 09 08:37:22 2017	 173.00	 173.00	   3.00	   3.00	  21.80	  10.50	 3	 5
Tue May 09 08:37:32 2017	 173.00	 173.00	   3.00	   3.00	  21.90	  10.90	 3	 5
Tue May 09 08:37:43 2017	 173.00	 173.00	   3.00	   3.00	  21.80	  10.40	 3	 5
Tue May 09 08:37:53 2017	 173.00	 173.00	   3.00	   3.00	  21.80	  10.40	 3	 5
Tue May 09 08:38:04 2017	 173.00	 173.00	   3.00	   3.00	  21.60	  10.50	 3	 5
Tue May 09 08:38:15 2017	 173.00	 173.00	   3.00	   3.00	  21.90	  10.50	 3	 5
Tue May 09 08:38:25 2017	 173.00	 173.00	   3.00	   3.00	  21.90	  10.40	 3	 5
Tue May 09 08:38:36 2017	 173.00	 173.00	   3.00	   3.00	  21.90	  10.50	 3	 5
Tue May 09 08:38:47 2017	 173.00	 173.00	   3.00	   3.00	  21.90	  10.50	 3	 5
Tue May 09 08:38:57 2017	 173.00	 173.00	   3.00	   3.00	  21.60	  10.30	 3	 5
Tue May 09 08:39:08 2017	 173.00	 173.00	   3.00	   3.00	  21.80	  10.50	 3	 5
Tue May 09 08:39:18 2017	 173.00	 173.00	   3.00	   3.00	  21.80	  10.50	 3	 5
Tue May 09 08:39:29 2017	 173.00	 173.00	   3.00	   3.00	  21.90	  10.50	 3	 5
Tue May 09 08:39:40 2017	 173.00	 173.00	   3.00	   3.00	  21.80	  10.50	 3	 5
Tue May 09 08:39:50 2017	 173.00	 173.00	   3.00	   3.00	  21.80	  10.50	 3	 5
Tue May 09 08:40:01 2017	 173.00	 173.00	   3.00	   3.00	  21.80	  10.50	 3	 5
Tue May 09 08:40:11 2017	 173.00	 173.00	   3.00	   3.00	  21.80	  10.30	 3	 5
Tue May 09 08:40:22 2017	 173.00	 173.00	   3.00	   3.00	  21.60	  10.40	 3	 5
Tue May 09 08:40:33 2017	 173.00	 173.00	   3.00	   3.00	  21.70	  10.40	 3	 5
Tue May 09 08:40:43 2017	 173.00	 173.00	   3.00	   3.00	  21.70	  10.40	 3	 5
Tue May 09 08:40:54 2017	 173.00	 173.00	   3.00	   3.00	  21.70	  10.40	 3	 5
Tue May 09 08:41:05 2017	 173.00	 173.00	   3.00	   3.00	  21.80	  10.50	 3	 5
Tue May 09 08:41:15 2017	 173.00	 173.00	   3.00	   3.00	  21.70	  10.40	 3	 5
Tue May 09 08:41:26 2017	 173.00	 173.00	   3.00	   3.00	  21.70	  10.40	 3	 5
Tue May 09 08:41:36 2017	 173.00	 173.00	   3.00	   3.00	  21.70	  10.40	 3	 5
Tue May 09 08:41:47 2017	 173.00	 173.00	   3.00	   3.00	  21.80	  10.50	 3	 5
Tue May 09 08:41:58 2017	 173.00	 173.00	   3.00	   3.00	  21.70	  10.40	 3	 5
Tue May 09 08:42:08 2017	 173.00	 173.00	   3.00	   3.00	  21.70	  10.40	 3	 5
Tue May 09 08:42:19 2017	 173.00	 173.00	   3.00	   3.00	  21.90	  10.50	 3	 5
Tue May 09 08:42:30 2017	 173.00	 173.00	   3.00	   3.00	  21.90	  10.50	 3	 5
Tue May 09 08:42:40 2017	 173.00	 173.00	   3.00	   3.00	  22.00	  10.60	 3	 5
Tue May 09 08:42:51 2017	 173.00	 173.00	   3.00	   3.00	  22.10	  10.60	 3	 5
Tue May 09 08:43:01 2017	 173.00	 173.00	   3.00	   3.00	  22.00	  10.60	 3	 5
Tue May 09 08:43:12 2017	 173.00	 173.00	   3.00	   3.00	  22.10	  10.60	 3	 5
Tue May 09 08:43:23 2017	 173.00	 173.00	   3.00	   3.00	  22.20	  10.60	 3	 5
Tue May 09 08:43:33 2017	 173.00	 173.00	   3.00	   3.00	  22.20	  10.60	 3	 5
Tue May 09 08:43:44 2017	 173.00	 173.00	   3.00	   3.00	  22.20	  10.70	 3	 5
Tue May 09 08:43:55 2017	 173.00	 173.00	   3.00	   3.00	  22.20	  10.60	 3	 5
Tue May 09 08:44:05 2017	 173.00	 173.00	   3.00	   3.00	  22.20	  10.60	 4	 1
Tue May 09 08:44:16 2017	 173.00	 173.00	   3.00	   3.00	  22.20	  10.60	 4	 1
Tue May 09 08:44:26 2017	 173.00	 173.00	   3.00	   3.00	  22.10	  10.60	 4	 1
Tue May 09 08:44:37 2017	 173.00	 173.00	   3.00	   3.00	  22.00	  10.60	 4	 1
Tue May 09 08:44:48 2017	 173.00	 173.00	   3.00	   3.00	  21.80	  10.40	 4	 1
Tue May 09 08:44:58 2017	 173.00	 173.00	   3.00	   3.00	  21.80	  10.50	 4	 1
Tue May 09 08:45:09 2017	 173.00	 173.00	   3.00	   3.00	  21.80	  10.40	 4	 1
Tue May 09 08:45:20 2017	 173.00	 173.00	   3.00	   3.00	  21.80	  10.40	 4	 1
Tue May 09 08:45:30 2017	 173.00	 173.00	   3.00	   3.00	  21.10	  10.10	 4	 1
Tue May 09 08:45:41 2017	 173.00	 173.00	   3.00	   3.00	  21.60	  10.40	 4	 1
Tue May 09 08:45:51 2017	 173.00	 173.00	   3.00	   3.00	  21.70	  10.40	 4	 1
Tue May 09 08:46:02 2017	 173.00	 173.00	   3.00	   3.00	  21.70	  10.40	 4	 1
Tue May 09 08:46:13 2017	 173.00	 173.00	   3.00	   3.00	  21.70	  10.20	 4	 1
Tue May 09 08:46:23 2017	 173.00	 173.00	   3.00	   3.00	  21.70	  10.30	 4	 1
Tue May 09 08:46:34 2017	 173.00	 173.00	   3.00	   3.00	  21.60	  10.40	 4	 1
Tue May 09 08:46:45 2017	 173.00	 173.00	   3.00	   3.00	  20.90	  10.40	 4	 2
Tue May 09 08:46:55 2017	 173.00	 173.00	   3.00	   3.00	  21.80	  10.50	 4	 2
Tue May 09 08:47:06 2017	 173.00	 173.00	   3.00	   3.00	  21.80	  10.50	 4	 2
Tue May 09 08:47:16 2017	 173.00	 173.00	   3.00	   3.00	  21.80	  10.50	 4	 2
Tue May 09 08:47:27 2017	 173.00	 173.00	   3.00	   3.00	  21.80	  10.50	 4	 2
Tue May 09 08:47:38 2017	 173.00	 173.00	   3.00	   3.00	  21.90	  10.50	 4	 2
Tue May 09 08:47:48 2017	 173.00	 173.00	   3.00	   3.00	  21.10	  10.50	 4	 2
Tue May 09 08:47:59 2017	 173.00	 173.00	   3.00	   3.00	  21.80	  10.50	 4	 2
Tue May 09 08:48:10 2017	 173.00	 173.00	   3.00	   3.00	  21.80	  10.50	 4	 2
Tue May 09 08:48:20 2017	 173.00	 173.00	   3.00	   3.00	  21.10	  10.50	 4	 2
Tue May 09 08:48:31 2017	 173.00	 173.00	   3.00	   3.00	  21.90	  10.30	 4	 2
Tue May 09 08:48:41 2017	 173.00	 173.00	   3.00	   3.00	  21.90	  10.50	 4	 2
Tue May 09 08:48:52 2017	 173.00	 173.00	   3.00	   3.00	  21.90	  10.60	 4	 2
Tue May 09 08:49:03 2017	 173.00	 173.00	   3.00	   3.00	  21.90	  10.50	 4	 2
Tue May 09 08:49:13 2017	 173.00	 173.00	   3.00	   3.00	  21.90	  10.50	 4	 2
Tue May 09 08:49:24 2017	 173.00	 173.00	   3.00	   3.00	  22.00	  10.50	 4	 2
Tue May 09 08:49:35 2017	 173.00	 173.00	   3.00	   3.00	  22.00	  10.50	 4	 3
Tue May 09 08:49:45 2017	 173.00	 173.00	   3.00	   3.00	  22.00	  10.50	 4	 3
Tue May 09 08:49:56 2017	 173.00	 173.00	   3.00	   3.00	  22.00	  10.20	 4	 3
Tue May 09 08:50:06 2017	 173.00	 173.00	   3.00	   3.00	  22.00	  10.60	 4	 3
Tue May 09 08:50:17 2017	 173.00	 173.00	   3.00	   3.00	  22.00	  10.60	 4	 3
Tue May 09 08:50:28 2017	 173.00	 173.00	   3.00	   3.00	  22.00	  10.60	 4	 3
Tue May 09 08:50:38 2017	 173.00	 173.00	   3.00	   3.00	  22.00	  10.20	 4	 3
Tue May 09 08:50:49 2017	 173.00	 173.00	   3.00	   3.00	  22.00	  10.50	 4	 3
Tue May 09 08:51:00 2017	 173.00	 173.00	   3.00	   3.00	  22.00	  10.20	 4	 3
Tue May 09 08:51:10 2017	 173.00	 173.00	   3.00	   3.00	  22.20	  10.70	 4	 3
Tue May 09 08:51:21 2017	 173.00	 173.00	   3.00	   3.00	  22.10	  10.60	 4	 3
Tue May 09 08:51:31 2017	 173.00	 173.00	   3.00	   3.00	  22.00	  10.60	 4	 3
Tue May 09 08:51:42 2017	 173.00	 173.00	   3.00	   3.00	  21.90	  10.50	 4	 3
Tue May 09 08:51:53 2017	 173.00	 173.00	   3.00	   3.00	  21.90	  10.20	 4	 3
Tue May 09 08:52:03 2017	 173.00	 173.00	   3.00	   3.00	  21.10	  10.50	 4	 3
Tue May 09 08:52:14 2017	 173.00	 173.00	   3.00	   3.00	  21.80	  10.50	 4	 4
Tue May 09 08:52:25 2017	 173.00	 173.00	   3.00	   3.00	  21.80	  10.50	 4	 4
Tue May 09 08:52:35 2017	 173.00	 173.00	   3.00	   3.00	  21.80	  10.40	 4	 4
Tue May 09 08:52:46 2017	 173.00	 173.00	   3.00	   3.00	  21.80	  10.70	 4	 4
Tue May 09 08:52:56 2017	 173.00	 173.00	   3.00	   3.00	  21.80	  10.40	 4	 4
Tue May 09 08:53:07 2017	 173.00	 173.00	   3.00	   3.00	  21.30	  10.70	 4	 4
Tue May 09 08:53:18 2017	 173.00	 173.00	   3.00	   3.00	  21.30	  10.20	 4	 4
Tue May 09 08:53:28 2017	 173.00	 173.00	   3.00	   3.00	  21.20	   9.90	 4	 4
Tue May 09 08:53:39 2017	 173.00	 173.00	   3.00	   3.00	  21.70	  10.40	 4	 4
Tue May 09 08:53:50 2017	 173.00	 173.00	   3.00	   3.00	  21.70	  10.40	 4	 4
Tue May 09 08:54:00 2017	 173.00	 173.00	   3.00	   3.00	  21.80	  10.50	 4	 4
Tue May 09 08:54:11 2017	 173.00	 173.00	   3.00	   3.00	  22.70	  10.90	 4	 4
Tue May 09 08:54:21 2017	 173.00	 173.00	   3.00	   3.00	  21.70	  10.40	 4	 4
Tue May 09 08:54:32 2017	 173.00	 173.00	   3.00	   3.00	  22.00	  10.00	 4	 4
Tue May 09 08:54:43 2017	 173.00	 173.00	   3.00	   3.00	  21.70	  10.40	 4	 4
Tue May 09 08:54:53 2017	 173.00	 173.00	   3.00	   3.00	  20.50	  10.40	 4	 5
Tue May 09 08:55:04 2017	 173.00	 173.00	   3.00	   3.00	  21.70	   9.80	 4	 5
Tue May 09 08:55:15 2017	 172.90	 173.00	   3.00	   3.00	  23.30	  11.00	 4	 5
Tue May 09 08:55:25 2017	 172.80	 173.00	   3.00	   3.00	  18.10	  12.00	 4	 5
Tue May 09 08:55:36 2017	 173.00	 173.00	   3.00	   3.00	  21.40	  12.00	 4	 5
Tue May 09 08:55:47 2017	 173.00	 173.00	   3.00	   3.00	  19.00	   9.40	 4	 5
Tue May 09 08:55:57 2017	 173.00	 173.00	   3.00	   3.00	  20.50	  11.20	 4	 5
Tue May 09 08:56:08 2017	 173.00	 173.00	   3.00	   3.00	  22.50	  10.70	 4	 5
Tue May 09 08:56:19 2017	 173.00	 173.00	   3.00	   3.00	  20.50	  10.30	 4	 5
Tue May 09 08:56:29 2017	 173.00	 173.00	   3.00	   3.00	  20.70	  10.30	 4	 5
Tue May 09 08:56:40 2017	 173.00	 173.00	   3.00	   3.00	  21.60	  10.60	 4	 5
Tue May 09 08:56:50 2017	 173.00	 173.00	   3.00	   3.00	  21.50	  10.30	 4	 5
Tue May 09 08:57:01 2017	 173.00	 173.00	   3.00	   3.00	  22.20	  10.20	 4	 5
Tue May 09 08:57:12 2017	 173.00	 173.00	   3.00	   3.00	  21.50	  10.00	 4	 5
Tue May 09 08:57:22 2017	 173.00	 173.00	   3.00	   3.00	  21.50	  10.30	 4	 5
Tue May 09 08:57:33 2017	 173.00	 173.00	   3.00	   3.00	  21.50	  10.40	 4	 5
Tue May 09 08:57:43 2017	 173.00	 173.00	   3.00	   3.00	  21.60	  10.30	 4	 5
Tue May 09 08:57:54 2017	 173.00	 173.00	   3.00	   3.00	  21.60	  10.40	 5	 1
Tue May 09 08:58:05 2017	 173.00	 173.00	   3.00	   3.00	  21.60	  10.40	 5	 1
Tue May 09 08:58:15 2017	 173.00	 173.00	   3.00	   3.00	  21.60	  10.40	 5	 1
Tue May 09 08:58:26 2017	 173.00	 173.00	   3.00	   3.00	  21.60	  10.40	 5	 1
Tue May 09 08:58:37 2017	 173.00	 173.00	   3.00	   3.00	  21.60	  10.40	 5	 1
Tue May 09 08:58:47 2017	 173.00	 173.00	   3.00	   3.00	  21.70	  10.40	 5	 1
Tue May 09 08:58:58 2017	 173.00	 173.00	   3.00	   3.00	  21.60	  10.40	 5	 1
Tue May 09 08:59:09 2017	 173.00	 173.00	   3.00	   3.00	  21.80	  10.40	 5	 1
Tue May 09 08:59:19 2017	 173.00	 173.00	   3.00	   3.00	  21.80	  10.40	 5	 1
Tue May 09 08:59:30 2017	 173.00	 173.00	   3.00	   3.00	  21.80	  10.50	 5	 1
Tue May 09 08:59:40 2017	 173.00	 173.00	   3.00	   3.00	  21.80	  10.50	 5	 1
Tue May 09 08:59:51 2017	 173.00	 173.00	   3.00	   3.00	  21.90	  10.50	 5	 1
Tue May 09 09:00:02 2017	 173.00	 173.00	   3.00	   3.00	  21.80	  10.50	 5	 1
Tue May 09 09:00:12 2017	 173.00	 173.00	   3.00	   3.00	  21.90	  10.50	 5	 1
Tue May 09 09:00:23 2017	 173.00	 173.00	   3.00	   3.00	  21.90	  10.50	 5	 1
Tue May 09 09:00:33 2017	 173.00	 173.00	   3.00	   3.00	  21.80	  10.50	 5	 1
Tue May 09 09:00:44 2017	 173.00	 173.00	   3.00	   3.00	  21.80	  10.50	 5	 2
Tue May 09 09:00:55 2017	 173.00	 173.00	   3.00	   3.00	  21.80	  10.50	 5	 2
Tue May 09 09:01:05 2017	 173.00	 173.00	   3.00	   3.00	  21.80	  10.50	 5	 2
Tue May 09 09:01:16 2017	 173.00	 173.00	   3.00	   3.00	  21.80	  10.60	 5	 2
Tue May 09 09:01:27 2017	 173.00	 173.00	   3.00	   3.00	  21.90	  10.50	 5	 2
Tue May 09 09:01:37 2017	 173.00	 173.00	   3.00	   3.00	  21.80	  10.50	 5	 2
Tue May 09 09:01:48 2017	 173.00	 173.00	   3.00	   3.00	  21.80	  10.50	 5	 2
Tue May 09 09:01:59 2017	 173.00	 173.00	   3.00	   3.00	  21.80	  10.50	 5	 2
Tue May 09 09:02:09 2017	 173.00	 173.00	   3.00	   3.00	  21.70	  10.40	 5	 2
Tue May 09 09:02:20 2017	 173.00	 173.00	   3.00	   3.00	  21.70	  10.40	 5	 2
Tue May 09 09:02:30 2017	 173.00	 173.00	   3.00	   3.00	  21.70	  10.40	 5	 2
Tue May 09 09:02:41 2017	 173.00	 173.00	   3.00	   3.00	  21.60	  10.40	 5	 2
Tue May 09 09:02:52 2017	 173.00	 173.00	   3.00	   3.00	  21.50	  10.30	 5	 2
Tue May 09 09:03:02 2017	 173.00	 173.00	   3.00	   3.00	  21.60	  10.30	 5	 2
Tue May 09 09:03:13 2017	 173.00	 173.00	   3.00	   3.00	  21.60	  10.30	 5	 2
Tue May 09 09:03:24 2017	 173.00	 173.00	   3.00	   3.00	  21.60	  10.30	 5	 3
Tue May 09 09:03:34 2017	 173.00	 173.00	   3.00	   3.00	  21.60	  10.30	 5	 3
Tue May 09 09:03:45 2017	 173.00	 173.00	   3.00	   3.00	  21.60	  10.40	 5	 3
Tue May 09 09:03:55 2017	 173.00	 173.00	   3.00	   3.00	  21.60	  10.40	 5	 3
Tue May 09 09:04:06 2017	 173.00	 173.00	   3.00	   3.00	  21.70	  10.40	 5	 3
Tue May 09 09:04:17 2017	 173.00	 173.00	   3.00	   3.00	  21.80	  10.40	 5	 3
Tue May 09 09:04:27 2017	 173.00	 173.00	   3.00	   3.00	  21.80	  10.40	 5	 3
Tue May 09 09:04:38 2017	 173.00	 173.00	   3.00	   3.00	  21.80	  10.40	 5	 3
Tue May 09 09:04:49 2017	 173.00	 173.00	   3.00	   3.00	  21.20	  10.40	 5	 3
Tue May 09 09:04:59 2017	 173.00	 173.00	   3.00	   3.00	  21.90	  10.50	 5	 3
Tue May 09 09:05:10 2017	 173.00	 173.00	   3.00	   3.00	  21.90	  10.50	 5	 3
Tue May 09 09:05:20 2017	 173.00	 173.00	   3.00	   3.00	  21.90	  10.50	 5	 3
Tue May 09 09:05:31 2017	 173.00	 173.00	   3.00	   3.00	  21.90	  10.50	 5	 3
Tue May 09 09:05:42 2017	 173.00	 173.00	   3.00	   3.00	  21.50	  10.50	 5	 3
Tue May 09 09:05:52 2017	 173.00	 173.00	   3.00	   3.00	  22.00	  10.50	 5	 3
Tue May 09 09:06:03 2017	 173.00	 173.00	   3.00	   3.00	  21.90	  10.50	 5	 4
Tue May 09 09:06:14 2017	 173.00	 173.00	   3.00	   3.00	  22.00	  10.50	 5	 4
Tue May 09 09:06:24 2017	 173.00	 173.00	   3.00	   3.00	  22.00	  10.60	 5	 4
Tue May 09 09:06:35 2017	 173.00	 173.00	   3.00	   3.00	  21.90	  10.50	 5	 4
Tue May 09 09:06:45 2017	 173.00	 173.00	   3.00	   3.00	  21.90	  10.50	 5	 4
Tue May 09 09:06:56 2017	 173.00	 173.00	   3.00	   3.00	  21.50	  10.50	 5	 4
Tue May 09 09:07:07 2017	 173.00	 173.00	   3.00	   3.00	  22.00	  10.30	 5	 4
Tue May 09 09:07:17 2017	 173.00	 173.00	   3.00	   3.00	  22.00	  10.50	 5	 4
Tue May 09 09:07:28 2017	 173.00	 173.00	   3.00	   3.00	  22.10	  10.60	 5	 4
Tue May 09 09:07:39 2017	 173.00	 173.00	   3.00	   3.00	  22.00	  10.60	 5	 4
Tue May 09 09:07:49 2017	 173.00	 173.00	   3.00	   3.00	  22.00	  10.60	 5	 4
Tue May 09 09:08:00 2017	 173.00	 173.00	   3.00	   3.00	  22.00	  10.50	 5	 4
Tue May 09 09:08:10 2017	 173.00	 173.00	   3.00	   3.00	  22.00	  10.50	 5	 4
Tue May 09 09:08:21 2017	 173.00	 173.00	   3.00	   3.00	  21.30	  10.60	 5	 4
Tue May 09 09:08:32 2017	 173.00	 173.00	   3.00	   3.00	  22.00	  10.60	 5	 4
Tue May 09 09:08:42 2017	 173.00	 173.00	   3.00	   3.00	  22.00	  10.60	 5	 4
Tue May 09 09:08:53 2017	 173.00	 173.00	   3.00	   3.00	  22.00	  10.60	 5	 5
Tue May 09 09:09:04 2017	 173.00	 173.00	   3.00	   3.00	  22.00	  10.20	 5	 5
Tue May 09 09:09:14 2017	 173.00	 173.00	   3.00	   3.00	  22.00	  10.60	 5	 5
Tue May 09 09:09:25 2017	 173.00	 173.00	   3.00	   3.00	  22.00	  10.60	 5	 5
Tue May 09 09:09:36 2017	 173.00	 173.00	   3.00	   3.00	  22.00	  10.30	 5	 5
Tue May 09 09:09:46 2017	 173.00	 173.00	   3.00	   3.00	  22.00	  10.60	 5	 5
Tue May 09 09:09:57 2017	 173.00	 173.00	   3.00	   3.00	  21.90	  10.50	 5	 5
Tue May 09 09:10:08 2017	 173.00	 173.00	   3.00	   3.00	  22.00	  10.40	 5	 5
Tue May 09 09:10:18 2017	 173.00	 173.00	   3.00	   3.00	  21.80	  10.40	 5	 5
Tue May 09 09:10:29 2017	 173.00	 173.00	   3.00	   3.00	  21.90	  10.40	 5	 5
Tue May 09 09:10:39 2017	 173.00	 173.00	   3.00	   3.00	  21.90	  10.50	 5	 5
Tue May 09 09:10:50 2017	 173.00	 173.00	   3.00	   3.00	  21.80	  10.50	 5	 5
Tue May 09 09:11:01 2017	 173.00	 173.00	   3.00	   3.00	  21.80	  10.40	 5	 5
Tue May 09 09:11:11 2017	 173.00	 173.00	   3.00	   3.00	  21.70	  10.40	 5	 5
Tue May 09 09:11:22 2017	 173.00	 173.00	   3.00	   3.00	  21.70	  10.70	 5	 5
Tue May 09 09:11:33 2017	 173.00	 173.00	   3.00	   3.00	  21.70	  10.40	 5	 5
Tue May 09 09:11:43 2017	 173.00	 173.00	   3.00	   3.00	  21.70	  10.40	 6	 1
Tue May 09 09:11:54 2017	 173.00	 173.00	   3.00	   3.00	  21.70	  10.40	 6	 1
Tue May 09 09:12:05 2017	 173.00	 173.00	   3.00	   3.00	  21.60	  10.40	 6	 1
Tue May 09 09:12:15 2017	 173.00	 173.00	   3.00	   3.00	  21.70	  10.50	 6	 1
Tue May 09 09:12:26 2017	 173.00	 173.00	   3.00	   3.00	  21.70	  10.40	 6	 1
Tue May 09 09:12:36 2017	 173.00	 173.00	   3.00	   3.00	  21.40	  10.40	 6	 1
Tue May 09 09:12:47 2017	 173.00	 173.00	   3.00	   3.00	  21.80	  10.50	 6	 1
Tue May 09 09:12:58 2017	 173.00	 173.00	   3.00	   3.00	  21.70	  10.40	 6	 1
Tue May 09 09:13:08 2017	 173.00	 173.00	   3.00	   3.00	  21.70	  10.70	 6	 1
Tue May 09 09:13:19 2017	 173.00	 173.00	   3.00	   3.00	  21.70	  10.40	 6	 1
Tue May 09 09:13:30 2017	 173.00	 173.00	   3.00	   3.00	  21.70	  10.20	 6	 1
Tue May 09 09:13:40 2017	 173.00	 173.00	   3.00	   3.00	  21.70	  10.40	 6	 1
Tue May 09 09:13:51 2017	 173.00	 173.00	   3.00	   3.00	  21.90	  10.40	 6	 1
Tue May 09 09:14:01 2017	 173.00	 173.00	   3.00	   3.00	  21.80	  10.20	 6	 1
Tue May 09 09:14:12 2017	 173.00	 173.00	   3.00	   3.00	  21.90	  10.50	 6	 1
Tue May 09 09:14:23 2017	 173.00	 173.00	   3.00	   3.00	  22.30	  10.20	 6	 2
Tue May 09 09:14:33 2017	 173.00	 173.00	   3.00	   3.00	  21.80	  10.40	 6	 2
Tue May 09 09:14:44 2017	 173.00	 173.00	   3.00	   3.00	  21.70	  10.40	 6	 2
Tue May 09 09:14:55 2017	 173.00	 173.00	   3.00	   3.00	  21.70	  10.20	 6	 2
Tue May 09 09:15:05 2017	 173.00	 173.00	   3.00	   3.00	  21.70	  10.40	 6	 2
Tue May 09 09:15:16 2017	 173.00	 173.00	   3.00	   3.00	  21.70	  10.40	 6	 2
Tue May 09 09:15:26 2017	 173.00	 173.00	   3.00	   3.00	  21.80	  10.40	 6	 2
Tue May 09 09:15:37 2017	 173.00	 173.00	   3.00	   3.00	  21.70	  10.40	 6	 2
Tue May 09 09:15:48 2017	 173.00	 173.00	   3.00	   3.00	  22.20	  10.70	 6	 2
Tue May 09 09:15:58 2017	 173.00	 173.00	   3.00	   3.00	  21.70	  10.20	 6	 2
Tue May 09 09:16:09 2017	 173.00	 173.00	   3.00	   3.00	  21.70	  10.40	 6	 2
Tue May 09 09:16:20 2017	 173.00	 173.00	   3.00	   3.00	  21.70	  10.40	 6	 2
Tue May 09 09:16:30 2017	 173.00	 173.00	   3.00	   3.00	  21.80	  10.40	 6	 2
Tue May 09 09:16:41 2017	 173.00	 173.00	   3.00	   3.00	  21.50	  10.70	 6	 2
Tue May 09 09:16:51 2017	 173.00	 173.00	   3.00	   3.00	  21.80	  10.40	 6	 2
Tue May 09 09:17:02 2017	 173.00	 173.00	   3.00	   3.00	  21.80	  10.80	 6	 2
Tue May 09 09:17:13 2017	 173.00	 173.00	   3.00	   3.00	  21.90	  10.50	 6	 3
Tue May 09 09:17:23 2017	 173.00	 173.00	   3.00	   3.00	  21.80	  10.40	 6	 3
Tue May 09 09:17:34 2017	 173.00	 173.00	   3.00	   3.00	  21.80	  10.50	 6	 3
Tue May 09 09:17:45 2017	 173.00	 173.00	   3.00	   3.00	  21.80	  10.50	 6	 3
Tue May 09 09:17:55 2017	 173.00	 173.00	   3.00	   3.00	  21.60	  10.20	 6	 3
Tue May 09 09:18:06 2017	 173.00	 173.00	   3.00	   3.00	  21.80	  10.40	 6	 3
Tue May 09 09:18:16 2017	 173.00	 173.00	   3.00	   3.00	  21.80	  10.40	 6	 3
Tue May 09 09:18:27 2017	 173.00	 173.00	   3.00	   3.00	  22.70	  10.50	 6	 3
Tue May 09 09:18:38 2017	 173.00	 173.00	   3.00	   3.00	  21.80	  10.40	 6	 3
Tue May 09 09:18:48 2017	 173.00	 173.00	   3.00	   3.00	  21.80	  10.50	 6	 3
Tue May 09 09:18:59 2017	 173.00	 173.00	   3.00	   3.00	  21.90	  10.70	 6	 3
Tue May 09 09:19:09 2017	 173.00	 173.00	   3.00	   3.00	  21.60	  10.30	 6	 3
Tue May 09 09:19:20 2017	 173.00	 173.00	   3.00	   3.00	  21.60	  10.40	 6	 3
Tue May 09 09:19:31 2017	 173.00	 173.00	   3.00	   3.00	  21.70	  10.40	 6	 3
Tue May 09 09:19:41 2017	 173.00	 173.00	   3.00	   3.00	  21.60	  10.40	 6	 3
Tue May 09 09:19:52 2017	 173.00	 173.00	   3.00	   3.00	  21.60	  10.40	 6	 4
Tue May 09 09:20:03 2017	 173.00	 173.00	   3.00	   3.00	  21.60	  10.40	 6	 4
Tue May 09 09:20:13 2017	 173.00	 173.00	   3.00	   3.00	  21.60	  10.30	 6	 4
Tue May 09 09:20:24 2017	 173.00	 173.00	   3.00	   3.00	  21.40	  10.30	 6	 4
Tue May 09 09:20:35 2017	 173.00	 173.00	   3.00	   3.00	  21.50	  10.30	 6	 4
Tue May 09 09:20:45 2017	 173.00	 173.00	   3.00	   3.00	  21.50	  10.30	 6	 4
Tue May 09 09:20:56 2017	 173.00	 173.00	   3.00	   3.00	  21.50	  10.30	 6	 4
Tue May 09 09:21:06 2017	 173.00	 173.00	   3.00	   3.00	  21.50	  10.30	 6	 4
Tue May 09 09:21:17 2017	 173.00	 173.00	   3.00	   3.00	  21.50	  10.30	 6	 4
Tue May 09 09:21:28 2017	 173.00	 173.00	   3.00	   3.00	  21.50	  10.30	 6	 4
Tue May 09 09:21:38 2017	 173.00	 173.00	   3.00	   3.00	  21.50	  10.30	 6	 4
Tue May 09 09:21:49 2017	 173.00	 173.00	   3.00	   3.00	  21.50	  10.30	 6	 4
Tue May 09 09:22:00 2017	 173.00	 173.00	   3.00	   3.00	  21.60	  10.40	 6	 4
Tue May 09 09:22:10 2017	 173.00	 173.00	   3.00	   3.00	  21.60	  10.30	 6	 4
Tue May 09 09:22:21 2017	 173.00	 173.00	   3.00	   3.00	  21.60	  10.40	 6	 4
