[RefinedModels 1]

1 	 1 	 152.3981 	 47.4271 	 -36.9073 	 1046.4976 	 1041.3240 	 0.0186 	 0.2280 	 0.1721
2 	 1 	 152.3981 	 47.4271 	 -36.9073 	 1046.4976 	 1041.3240 	 0.0186 	 0.2280 	 0.1721
3 	 1 	 152.3981 	 47.4271 	 -36.9073 	 1046.4976 	 1041.3240 	 0.0186 	 0.2280 	 0.1721
4 	 1 	 152.3981 	 47.4271 	 -36.9073 	 1046.4976 	 1041.3240 	 0.0186 	 0.2280 	 0.1721
5 	 1 	 152.3981 	 47.4271 	 -36.9073 	 1046.4976 	 1041.3240 	 0.0186 	 0.2280 	 0.1721
6 	 1 	 152.3981 	 47.4271 	 -36.9073 	 1046.4976 	 1041.3240 	 0.0186 	 0.2280 	 0.1721
7 	 1 	 152.3981 	 47.4271 	 -36.9073 	 1046.4976 	 1041.3240 	 0.0186 	 0.2280 	 0.1721
8 	 1 	 152.3981 	 47.4271 	 -36.9073 	 1046.4976 	 1041.3240 	 0.0186 	 0.2280 	 0.1721
9 	 1 	 152.3981 	 47.4271 	 -36.9073 	 1046.4976 	 1041.3240 	 0.0186 	 0.2280 	 0.1721
10 	 1 	 152.3981 	 47.4271 	 -36.9073 	 1046.4976 	 1041.3240 	 0.0189 	 0.2300 	 0.1968
11 	 1 	 152.4106 	 47.4291 	 -36.9218 	 1046.4988 	 1041.3397 	 0.0186 	 0.2236 	 0.1906
12 	 1 	 152.4252 	 47.4283 	 -36.9453 	 1046.5227 	 1041.4252 	 0.0186 	 0.2320 	 0.1985
13 	 1 	 152.3776 	 47.4252 	 -36.8968 	 1046.5034 	 1041.4193 	 0.0185 	 0.2443 	 0.2065
14 	 1 	 152.3899 	 47.4157 	 -36.9206 	 1046.5188 	 1041.6867 	 0.0179 	 0.2307 	 0.1855
15 	 1 	 152.3579 	 47.4114 	 -36.8799 	 1046.4780 	 1041.6260 	 0.0180 	 0.2303 	 0.1830
16 	 1 	 152.2794 	 47.4092 	 -36.8089 	 1046.4409 	 1041.5615 	 0.0177 	 0.2234 	 0.1699
17 	 1 	 152.2531 	 47.4097 	 -36.8033 	 1046.4552 	 1041.6124 	 0.0176 	 0.2148 	 0.1741
18 	 1 	 152.2187 	 47.4092 	 -36.7799 	 1046.4441 	 1041.6540 	 0.0177 	 0.2180 	 0.1764
19 	 1 	 152.2601 	 47.4159 	 -36.8217 	 1046.4441 	 1041.6253 	 0.0185 	 0.2219 	 0.1825
20 	 1 	 152.2164 	 47.4104 	 -36.7728 	 1046.4307 	 1041.6114 	 0.0182 	 0.2196 	 0.1804
21 	 1 	 152.2269 	 47.4139 	 -36.7857 	 1046.4426 	 1041.6033 	 0.0178 	 0.2164 	 0.1762
22 	 1 	 152.1693 	 47.4200 	 -36.7595 	 1046.4605 	 1041.5466 	 0.0178 	 0.2037 	 0.1686
23 	 1 	 152.1701 	 47.4098 	 -36.7417 	 1046.4854 	 1041.5739 	 0.0177 	 0.2012 	 0.1668
24 	 1 	 152.2032 	 47.4086 	 -36.7605 	 1046.4939 	 1041.5704 	 0.0183 	 0.2108 	 0.1745
25 	 1 	 152.1749 	 47.4051 	 -36.7366 	 1046.4926 	 1041.5753 	 0.0185 	 0.2165 	 0.1797
26 	 1 	 152.1788 	 47.4019 	 -36.7340 	 1046.4900 	 1041.5591 	 0.0183 	 0.2230 	 0.1806
27 	 1 	 152.1915 	 47.4032 	 -36.7636 	 1046.4896 	 1041.6138 	 0.0181 	 0.2245 	 0.1685
28 	 1 	 152.2201 	 47.4149 	 -36.7956 	 1046.5168 	 1041.5158 	 0.0185 	 0.2283 	 0.1759
29 	 1 	 152.2042 	 47.4060 	 -36.7744 	 1046.5155 	 1041.6036 	 0.0187 	 0.2394 	 0.1788
30 	 1 	 152.1933 	 47.4036 	 -36.7577 	 1046.5191 	 1041.6037 	 0.0188 	 0.2466 	 0.1826
31 	 1 	 152.2953 	 47.4161 	 -36.8301 	 1046.5337 	 1041.5261 	 0.0182 	 0.2335 	 0.1762
32 	 1 	 152.2645 	 47.4170 	 -36.8165 	 1046.5249 	 1041.4908 	 0.0184 	 0.2356 	 0.1690
33 	 1 	 152.2730 	 47.4098 	 -36.8082 	 1046.5084 	 1041.5146 	 0.0185 	 0.2397 	 0.1713
34 	 1 	 152.2352 	 47.4015 	 -36.7721 	 1046.5150 	 1041.5006 	 0.0190 	 0.2389 	 0.1607
35 	 1 	 152.2224 	 47.3997 	 -36.7681 	 1046.5001 	 1041.5328 	 0.0194 	 0.2437 	 0.1667
36 	 1 	 152.2839 	 47.4087 	 -36.7998 	 1046.5017 	 1041.4272 	 0.0192 	 0.2367 	 0.1589
37 	 1 	 152.2942 	 47.4176 	 -36.8189 	 1046.5162 	 1041.3641 	 0.0190 	 0.2347 	 0.1600
38 	 1 	 152.3092 	 47.4221 	 -36.8245 	 1046.5149 	 1041.2928 	 0.0191 	 0.2368 	 0.1576
39 	 1 	 152.2920 	 47.4242 	 -36.8375 	 1046.5267 	 1041.3034 	 0.0192 	 0.2466 	 0.1506
40 	 1 	 152.3024 	 47.4282 	 -36.8472 	 1046.5717 	 1041.2762 	 0.0199 	 0.2488 	 0.1540
41 	 1 	 152.3217 	 47.4281 	 -36.8518 	 1046.5630 	 1041.3042 	 0.0197 	 0.2401 	 0.1510
42 	 1 	 152.3131 	 47.4287 	 -36.8545 	 1046.5114 	 1041.2853 	 0.0200 	 0.2412 	 0.1621
43 	 1 	 152.3153 	 47.4281 	 -36.8554 	 1046.5076 	 1041.3003 	 0.0199 	 0.2411 	 0.1617
44 	 1 	 152.3238 	 47.4245 	 -36.8595 	 1046.4706 	 1041.4211 	 0.0203 	 0.2492 	 0.1795
45 	 1 	 152.3037 	 47.4274 	 -36.8647 	 1046.4737 	 1041.3812 	 0.0208 	 0.2493 	 0.1800
46 	 1 	 152.3191 	 47.4273 	 -36.8651 	 1046.4865 	 1041.4239 	 0.0199 	 0.2392 	 0.1737
47 	 1 	 152.3413 	 47.4207 	 -36.8534 	 1046.4775 	 1041.5228 	 0.0197 	 0.2300 	 0.1651
48 	 1 	 152.3290 	 47.4226 	 -36.8573 	 1046.4728 	 1041.5137 	 0.0193 	 0.2243 	 0.1652
49 	 1 	 152.3329 	 47.4279 	 -36.8878 	 1046.5003 	 1041.5342 	 0.0182 	 0.2115 	 0.1564
50 	 1 	 152.3359 	 47.4257 	 -36.8709 	 1046.5182 	 1041.5455 	 0.0189 	 0.2192 	 0.1655
51 	 1 	 152.3339 	 47.4266 	 -36.8678 	 1046.5006 	 1041.5512 	 0.0186 	 0.2110 	 0.1617
52 	 1 	 152.3315 	 47.4318 	 -36.8834 	 1046.5024 	 1041.5181 	 0.0188 	 0.2033 	 0.1625
53 	 1 	 152.3439 	 47.4345 	 -36.8926 	 1046.4699 	 1041.5480 	 0.0188 	 0.2062 	 0.1705
54 	 1 	 152.3368 	 47.4339 	 -36.8859 	 1046.4734 	 1041.5415 	 0.0190 	 0.2056 	 0.1712
55 	 1 	 152.3317 	 47.4298 	 -36.8655 	 1046.4597 	 1041.5654 	 0.0188 	 0.2186 	 0.1709
56 	 1 	 152.3095 	 47.4224 	 -36.8300 	 1046.4663 	 1041.5269 	 0.0188 	 0.2211 	 0.1711
57 	 1 	 152.3115 	 47.4174 	 -36.8151 	 1046.4587 	 1041.6177 	 0.0189 	 0.2193 	 0.1666
58 	 1 	 152.3109 	 47.4154 	 -36.7906 	 1046.4515 	 1041.5942 	 0.0182 	 0.1996 	 0.1592
59 	 1 	 152.3092 	 47.4142 	 -36.7871 	 1046.4313 	 1041.6158 	 0.0178 	 0.2015 	 0.1568
60 	 1 	 152.2931 	 47.4111 	 -36.7626 	 1046.4521 	 1041.5247 	 0.0181 	 0.2096 	 0.1711
61 	 1 	 152.2899 	 47.4093 	 -36.7532 	 1046.4613 	 1041.5332 	 0.0182 	 0.2265 	 0.1723
62 	 1 	 152.2837 	 47.4048 	 -36.7430 	 1046.4631 	 1041.5324 	 0.0177 	 0.2266 	 0.1693
63 	 1 	 152.2814 	 47.4133 	 -36.7741 	 1046.4968 	 1041.4485 	 0.0178 	 0.2274 	 0.1606
64 	 1 	 152.2862 	 47.4150 	 -36.7736 	 1046.5043 	 1041.4777 	 0.0173 	 0.2229 	 0.1599
65 	 1 	 152.2661 	 47.4117 	 -36.7489 	 1046.4800 	 1041.3862 	 0.0177 	 0.2249 	 0.1631
66 	 1 	 152.2513 	 47.4080 	 -36.7435 	 1046.4657 	 1041.3441 	 0.0181 	 0.2338 	 0.1705
67 	 1 	 152.2485 	 47.4085 	 -36.7450 	 1046.4608 	 1041.3264 	 0.0179 	 0.2293 	 0.1675
68 	 1 	 152.2439 	 47.4010 	 -36.7167 	 1046.4368 	 1041.3817 	 0.0184 	 0.2253 	 0.1755
69 	 1 	 152.2418 	 47.3975 	 -36.7068 	 1046.4247 	 1041.4245 	 0.0184 	 0.2307 	 0.1724
70 	 1 	 152.2182 	 47.3882 	 -36.6791 	 1046.4169 	 1041.3832 	 0.0184 	 0.2277 	 0.1720
71 	 1 	 152.2413 	 47.3961 	 -36.6971 	 1046.4241 	 1041.4329 	 0.0183 	 0.2259 	 0.1719
72 	 1 	 152.2540 	 47.4026 	 -36.7191 	 1046.4362 	 1041.4291 	 0.0182 	 0.2219 	 0.1688
73 	 1 	 152.2559 	 47.4033 	 -36.7312 	 1046.4483 	 1041.3797 	 0.0185 	 0.2279 	 0.1671
74 	 1 	 152.2681 	 47.4097 	 -36.7493 	 1046.4505 	 1041.3874 	 0.0186 	 0.2347 	 0.1761
75 	 1 	 152.2958 	 47.4199 	 -36.7747 	 1046.4743 	 1041.4436 	 0.0185 	 0.2444 	 0.1802
76 	 1 	 152.2822 	 47.4163 	 -36.7686 	 1046.4899 	 1041.4076 	 0.0182 	 0.2396 	 0.1846
77 	 1 	 152.2855 	 47.4209 	 -36.7853 	 1046.5041 	 1041.3575 	 0.0188 	 0.2502 	 0.1922
78 	 1 	 152.2909 	 47.4207 	 -36.7907 	 1046.5176 	 1041.3714 	 0.0189 	 0.2497 	 0.1904
79 	 1 	 152.2854 	 47.4152 	 -36.7743 	 1046.5101 	 1041.4571 	 0.0193 	 0.2550 	 0.1916
80 	 1 	 152.2854 	 47.4152 	 -36.7743 	 1046.5101 	 1041.4571 	 0.0186 	 0.2280 	 0.1721
81 	 1 	 152.2854 	 47.4152 	 -36.7743 	 1046.5101 	 1041.4571 	 0.0186 	 0.2280 	 0.1721
82 	 1 	 152.2854 	 47.4152 	 -36.7743 	 1046.5101 	 1041.4571 	 0.0186 	 0.2280 	 0.1721
83 	 1 	 152.2854 	 47.4152 	 -36.7743 	 1046.5101 	 1041.4571 	 0.0186 	 0.2280 	 0.1721
84 	 1 	 152.2854 	 47.4152 	 -36.7743 	 1046.5101 	 1041.4571 	 0.0186 	 0.2280 	 0.1721
85 	 1 	 152.2854 	 47.4152 	 -36.7743 	 1046.5101 	 1041.4571 	 0.0186 	 0.2280 	 0.1721
86 	 1 	 152.2854 	 47.4152 	 -36.7743 	 1046.5101 	 1041.4571 	 0.0186 	 0.2280 	 0.1721
87 	 1 	 152.2854 	 47.4152 	 -36.7743 	 1046.5101 	 1041.4571 	 0.0186 	 0.2280 	 0.1721
88 	 1 	 152.2854 	 47.4152 	 -36.7743 	 1046.5101 	 1041.4571 	 0.0186 	 0.2280 	 0.1721
1 	 2 	 152.1793 	 47.5060 	 -36.8087 	 1045.2569 	 1041.2022 	 0.0158 	 0.4053 	 0.1485
2 	 2 	 152.1793 	 47.5060 	 -36.8087 	 1045.2569 	 1041.2022 	 0.0158 	 0.4053 	 0.1485
3 	 2 	 152.1793 	 47.5060 	 -36.8087 	 1045.2569 	 1041.2022 	 0.0158 	 0.4053 	 0.1485
4 	 2 	 152.1793 	 47.5060 	 -36.8087 	 1045.2569 	 1041.2022 	 0.0158 	 0.4053 	 0.1485
5 	 2 	 152.1793 	 47.5060 	 -36.8087 	 1045.2569 	 1041.2022 	 0.0158 	 0.4053 	 0.1485
6 	 2 	 152.1793 	 47.5060 	 -36.8087 	 1045.2569 	 1041.2022 	 0.0158 	 0.4053 	 0.1485
7 	 2 	 152.1793 	 47.5060 	 -36.8087 	 1045.2569 	 1041.2022 	 0.0158 	 0.4053 	 0.1485
8 	 2 	 152.1793 	 47.5060 	 -36.8087 	 1045.2569 	 1041.2022 	 0.0158 	 0.4053 	 0.1485
9 	 2 	 152.1793 	 47.5060 	 -36.8087 	 1045.2569 	 1041.2022 	 0.0158 	 0.4053 	 0.1485
10 	 2 	 152.1793 	 47.5060 	 -36.8087 	 1045.2569 	 1041.2022 	 0.0158 	 0.4053 	 0.1485
11 	 2 	 152.1793 	 47.5060 	 -36.8087 	 1045.2569 	 1041.2022 	 0.0177 	 0.3937 	 0.1400
12 	 2 	 152.1775 	 47.5032 	 -36.8104 	 1045.2752 	 1041.1530 	 0.0170 	 0.3863 	 0.1371
13 	 2 	 152.1665 	 47.4931 	 -36.8058 	 1045.3504 	 1041.3902 	 0.0168 	 0.3842 	 0.1398
14 	 2 	 152.1371 	 47.5023 	 -36.7819 	 1045.3674 	 1041.5187 	 0.0167 	 0.3904 	 0.1411
15 	 2 	 152.1372 	 47.5359 	 -36.7754 	 1045.3295 	 1041.1168 	 0.0164 	 0.3950 	 0.1441
16 	 2 	 152.1333 	 47.5331 	 -36.7733 	 1045.3593 	 1041.1567 	 0.0157 	 0.3808 	 0.1377
17 	 2 	 152.0888 	 47.5247 	 -36.7300 	 1045.4196 	 1041.9908 	 0.0161 	 0.4015 	 0.1475
18 	 2 	 152.1072 	 47.5069 	 -36.7536 	 1045.4900 	 1041.9988 	 0.0162 	 0.3966 	 0.1461
19 	 2 	 152.1040 	 47.4792 	 -36.7628 	 1045.5056 	 1042.3085 	 0.0158 	 0.3952 	 0.1441
20 	 2 	 152.0901 	 47.4952 	 -36.7372 	 1045.3967 	 1042.4118 	 0.0154 	 0.3850 	 0.1431
21 	 2 	 152.1277 	 47.5154 	 -36.7687 	 1045.4109 	 1041.6980 	 0.0155 	 0.3888 	 0.1365
22 	 2 	 152.1407 	 47.4924 	 -36.7886 	 1045.4442 	 1041.8179 	 0.0155 	 0.3958 	 0.1456
23 	 2 	 152.1589 	 47.5058 	 -36.7917 	 1045.3892 	 1041.5616 	 0.0156 	 0.3993 	 0.1526
24 	 2 	 152.1632 	 47.5241 	 -36.7870 	 1045.3493 	 1041.1821 	 0.0155 	 0.3990 	 0.1567
25 	 2 	 152.1492 	 47.5163 	 -36.7686 	 1045.4286 	 1041.5341 	 0.0158 	 0.4202 	 0.1663
26 	 2 	 152.1711 	 47.5147 	 -36.7694 	 1045.3734 	 1041.3766 	 0.0155 	 0.4195 	 0.1677
27 	 2 	 152.1891 	 47.5082 	 -36.7741 	 1045.4020 	 1041.3589 	 0.0156 	 0.4251 	 0.1658
28 	 2 	 152.2218 	 47.5004 	 -36.8083 	 1045.3802 	 1040.9328 	 0.0151 	 0.4093 	 0.1618
29 	 2 	 152.2143 	 47.5051 	 -36.8068 	 1045.2849 	 1040.7318 	 0.0154 	 0.4124 	 0.1659
30 	 2 	 152.1752 	 47.5061 	 -36.7663 	 1045.3024 	 1041.3115 	 0.0151 	 0.4042 	 0.1597
31 	 2 	 152.1531 	 47.5003 	 -36.7376 	 1045.2573 	 1041.8224 	 0.0150 	 0.3984 	 0.1540
32 	 2 	 152.1536 	 47.4985 	 -36.7400 	 1045.2339 	 1041.7232 	 0.0150 	 0.3969 	 0.1479
33 	 2 	 152.1253 	 47.4860 	 -36.7188 	 1045.2408 	 1042.2759 	 0.0149 	 0.3915 	 0.1464
34 	 2 	 152.1308 	 47.4894 	 -36.7344 	 1045.2266 	 1041.9274 	 0.0148 	 0.3873 	 0.1488
35 	 2 	 152.1156 	 47.4862 	 -36.7168 	 1045.1566 	 1042.3246 	 0.0148 	 0.3852 	 0.1503
36 	 2 	 152.1139 	 47.4533 	 -36.7107 	 1045.1523 	 1042.9858 	 0.0150 	 0.3886 	 0.1614
37 	 2 	 152.1272 	 47.4395 	 -36.7228 	 1045.1482 	 1043.0756 	 0.0153 	 0.3989 	 0.1645
38 	 2 	 152.1490 	 47.4555 	 -36.7357 	 1045.0627 	 1042.5652 	 0.0151 	 0.3873 	 0.1576
39 	 2 	 152.1671 	 47.4363 	 -36.7520 	 1045.0993 	 1042.7144 	 0.0151 	 0.3834 	 0.1544
40 	 2 	 152.1645 	 47.4319 	 -36.7573 	 1045.1899 	 1042.7808 	 0.0153 	 0.3783 	 0.1576
41 	 2 	 152.1702 	 47.4206 	 -36.7588 	 1045.1541 	 1042.9116 	 0.0154 	 0.3811 	 0.1552
42 	 2 	 152.1061 	 47.4197 	 -36.7173 	 1045.1428 	 1043.4516 	 0.0155 	 0.3816 	 0.1576
43 	 2 	 152.1236 	 47.4302 	 -36.7258 	 1045.0850 	 1043.0623 	 0.0158 	 0.3805 	 0.1535
44 	 2 	 152.1374 	 47.4319 	 -36.7416 	 1045.0591 	 1042.7746 	 0.0154 	 0.3714 	 0.1440
45 	 2 	 152.1299 	 47.4192 	 -36.7232 	 1045.0324 	 1043.2933 	 0.0154 	 0.3700 	 0.1435
46 	 2 	 152.1424 	 47.4312 	 -36.7387 	 1044.9493 	 1042.8027 	 0.0153 	 0.3602 	 0.1361
47 	 2 	 152.1608 	 47.4391 	 -36.7549 	 1044.9986 	 1042.5109 	 0.0154 	 0.3680 	 0.1350
48 	 2 	 152.1649 	 47.4388 	 -36.7456 	 1045.0015 	 1042.6100 	 0.0154 	 0.3684 	 0.1350
49 	 2 	 152.1601 	 47.4591 	 -36.7476 	 1045.0631 	 1042.1564 	 0.0154 	 0.3819 	 0.1421
50 	 2 	 152.1550 	 47.4606 	 -36.7440 	 1045.1009 	 1042.2181 	 0.0154 	 0.3882 	 0.1441
51 	 2 	 152.1775 	 47.4504 	 -36.7604 	 1045.0724 	 1042.1011 	 0.0156 	 0.3926 	 0.1486
52 	 2 	 152.1780 	 47.4630 	 -36.7624 	 1045.1097 	 1041.7753 	 0.0152 	 0.3926 	 0.1496
53 	 2 	 152.1744 	 47.4817 	 -36.7493 	 1045.0599 	 1041.5640 	 0.0151 	 0.3959 	 0.1471
54 	 2 	 152.1842 	 47.4800 	 -36.7349 	 1045.0573 	 1041.8176 	 0.0156 	 0.4079 	 0.1536
55 	 2 	 152.2154 	 47.4679 	 -36.7662 	 1045.0733 	 1041.5735 	 0.0162 	 0.4169 	 0.1569
56 	 2 	 152.2447 	 47.4783 	 -36.7838 	 1045.1318 	 1041.0711 	 0.0163 	 0.4276 	 0.1515
57 	 2 	 152.2852 	 47.4867 	 -36.8096 	 1045.0280 	 1040.4443 	 0.0163 	 0.4146 	 0.1473
58 	 2 	 152.2832 	 47.4922 	 -36.8107 	 1045.0331 	 1040.3423 	 0.0165 	 0.4160 	 0.1498
59 	 2 	 152.2258 	 47.4893 	 -36.7744 	 1044.9941 	 1040.8996 	 0.0164 	 0.4185 	 0.1502
60 	 2 	 152.2054 	 47.5071 	 -36.7540 	 1045.1254 	 1040.8606 	 0.0160 	 0.4097 	 0.1453
61 	 2 	 152.2154 	 47.5038 	 -36.7565 	 1045.1195 	 1040.8383 	 0.0157 	 0.4105 	 0.1423
62 	 2 	 152.2377 	 47.5184 	 -36.7830 	 1045.1639 	 1040.1256 	 0.0156 	 0.4067 	 0.1413
63 	 2 	 152.2785 	 47.5219 	 -36.7975 	 1045.1359 	 1039.8042 	 0.0153 	 0.4005 	 0.1344
64 	 2 	 152.2702 	 47.5320 	 -36.8002 	 1045.1581 	 1039.5103 	 0.0156 	 0.4110 	 0.1354
65 	 2 	 152.2246 	 47.5241 	 -36.7820 	 1045.0592 	 1039.8885 	 0.0161 	 0.4379 	 0.1567
66 	 2 	 152.1852 	 47.5157 	 -36.7467 	 1045.0589 	 1040.5303 	 0.0161 	 0.4438 	 0.1551
67 	 2 	 152.1627 	 47.5236 	 -36.7450 	 1045.0851 	 1040.3044 	 0.0153 	 0.4389 	 0.1540
68 	 2 	 152.1008 	 47.5320 	 -36.7148 	 1045.1071 	 1040.6217 	 0.0155 	 0.4318 	 0.1496
69 	 2 	 152.0925 	 47.5202 	 -36.7149 	 1045.1132 	 1040.8557 	 0.0154 	 0.4226 	 0.1469
70 	 2 	 152.0828 	 47.5110 	 -36.7059 	 1045.0024 	 1041.1613 	 0.0154 	 0.4229 	 0.1483
71 	 2 	 152.0838 	 47.5103 	 -36.6994 	 1045.0156 	 1041.2581 	 0.0153 	 0.4274 	 0.1501
72 	 2 	 152.0651 	 47.5199 	 -36.6937 	 1044.9709 	 1041.1677 	 0.0156 	 0.4324 	 0.1511
73 	 2 	 152.0629 	 47.5247 	 -36.6986 	 1045.0301 	 1040.9099 	 0.0160 	 0.4369 	 0.1481
74 	 2 	 152.0691 	 47.5333 	 -36.7217 	 1044.9967 	 1040.3143 	 0.0168 	 0.4479 	 0.1501
75 	 2 	 152.0724 	 47.5314 	 -36.7257 	 1044.9860 	 1040.2836 	 0.0159 	 0.4296 	 0.1411
76 	 2 	 152.0701 	 47.5153 	 -36.7097 	 1045.1079 	 1040.9382 	 0.0159 	 0.4200 	 0.1416
77 	 2 	 152.0758 	 47.5168 	 -36.7176 	 1045.0747 	 1040.7607 	 0.0157 	 0.4172 	 0.1415
78 	 2 	 152.0586 	 47.5209 	 -36.7296 	 1045.1384 	 1040.4222 	 0.0159 	 0.4210 	 0.1425
79 	 2 	 152.0652 	 47.5204 	 -36.7350 	 1045.1712 	 1040.3241 	 0.0157 	 0.4154 	 0.1445
80 	 2 	 152.1469 	 47.5108 	 -36.7727 	 1045.2298 	 1039.8322 	 0.0164 	 0.4388 	 0.1467
81 	 2 	 152.1460 	 47.5255 	 -36.7883 	 1045.1932 	 1039.1235 	 0.0167 	 0.4378 	 0.1490
82 	 2 	 152.1360 	 47.5245 	 -36.7808 	 1045.1721 	 1039.2292 	 0.0167 	 0.4291 	 0.1482
83 	 2 	 152.1095 	 47.5209 	 -36.7625 	 1045.1225 	 1039.6329 	 0.0166 	 0.4253 	 0.1461
84 	 2 	 152.1174 	 47.5201 	 -36.7699 	 1045.1118 	 1039.4826 	 0.0167 	 0.4220 	 0.1466
85 	 2 	 152.1105 	 47.5149 	 -36.7653 	 1045.1224 	 1039.7032 	 0.0168 	 0.4273 	 0.1469
86 	 2 	 152.1229 	 47.5178 	 -36.7593 	 1045.2312 	 1039.7959 	 0.0173 	 0.4226 	 0.1401
87 	 2 	 152.1229 	 47.5178 	 -36.7593 	 1045.2312 	 1039.7959 	 0.0158 	 0.4053 	 0.1485
88 	 2 	 152.1229 	 47.5178 	 -36.7593 	 1045.2312 	 1039.7959 	 0.0158 	 0.4053 	 0.1485
89 	 2 	 152.1229 	 47.5178 	 -36.7593 	 1045.2312 	 1039.7959 	 0.0158 	 0.4053 	 0.1485
90 	 2 	 152.1229 	 47.5178 	 -36.7593 	 1045.2312 	 1039.7959 	 0.0158 	 0.4053 	 0.1485
91 	 2 	 152.1229 	 47.5178 	 -36.7593 	 1045.2312 	 1039.7959 	 0.0158 	 0.4053 	 0.1485
92 	 2 	 152.1229 	 47.5178 	 -36.7593 	 1045.2312 	 1039.7959 	 0.0158 	 0.4053 	 0.1485
93 	 2 	 152.1229 	 47.5178 	 -36.7593 	 1045.2312 	 1039.7959 	 0.0158 	 0.4053 	 0.1485
94 	 2 	 152.1229 	 47.5178 	 -36.7593 	 1045.2312 	 1039.7959 	 0.0158 	 0.4053 	 0.1485
95 	 2 	 152.1229 	 47.5178 	 -36.7593 	 1045.2312 	 1039.7959 	 0.0158 	 0.4053 	 0.1485
96 	 2 	 152.1229 	 47.5178 	 -36.7593 	 1045.2312 	 1039.7959 	 0.0158 	 0.4053 	 0.1485
1 	 3 	 152.3044 	 47.5397 	 -36.8581 	 1048.8782 	 1040.9855 	 0.0158 	 0.3702 	 0.1562
2 	 3 	 152.3044 	 47.5397 	 -36.8581 	 1048.8782 	 1040.9855 	 0.0158 	 0.3702 	 0.1562
3 	 3 	 152.3044 	 47.5397 	 -36.8581 	 1048.8782 	 1040.9855 	 0.0158 	 0.3702 	 0.1562
4 	 3 	 152.3044 	 47.5397 	 -36.8581 	 1048.8782 	 1040.9855 	 0.0158 	 0.3702 	 0.1562
5 	 3 	 152.3044 	 47.5397 	 -36.8581 	 1048.8782 	 1040.9855 	 0.0158 	 0.3702 	 0.1562
6 	 3 	 152.3044 	 47.5397 	 -36.8581 	 1048.8782 	 1040.9855 	 0.0158 	 0.3702 	 0.1562
7 	 3 	 152.3044 	 47.5397 	 -36.8581 	 1048.8782 	 1040.9855 	 0.0158 	 0.3702 	 0.1562
8 	 3 	 152.3044 	 47.5397 	 -36.8581 	 1048.8782 	 1040.9855 	 0.0158 	 0.3702 	 0.1562
9 	 3 	 152.3044 	 47.5397 	 -36.8581 	 1048.8782 	 1040.9855 	 0.0167 	 0.3766 	 0.1607
10 	 3 	 152.3084 	 47.5456 	 -36.8639 	 1048.8721 	 1041.0771 	 0.0160 	 0.3577 	 0.1533
11 	 3 	 152.3176 	 47.5400 	 -36.8731 	 1048.8034 	 1041.2342 	 0.0159 	 0.3547 	 0.1509
12 	 3 	 152.3052 	 47.5316 	 -36.8712 	 1048.8603 	 1041.1020 	 0.0161 	 0.3639 	 0.1649
13 	 3 	 152.2841 	 47.5305 	 -36.8517 	 1048.8693 	 1040.9270 	 0.0158 	 0.3562 	 0.1496
14 	 3 	 152.2818 	 47.4732 	 -36.8471 	 1048.8771 	 1040.7705 	 0.0152 	 0.3478 	 0.1476
15 	 3 	 152.3008 	 47.4869 	 -36.8733 	 1048.9181 	 1041.3560 	 0.0151 	 0.3501 	 0.1522
16 	 3 	 152.2953 	 47.4818 	 -36.8735 	 1048.9183 	 1041.3703 	 0.0152 	 0.3532 	 0.1541
17 	 3 	 152.2772 	 47.4885 	 -36.8618 	 1048.9425 	 1041.0806 	 0.0153 	 0.3574 	 0.1538
18 	 3 	 152.2776 	 47.4606 	 -36.8822 	 1048.9892 	 1041.6358 	 0.0156 	 0.3649 	 0.1547
19 	 3 	 152.2910 	 47.4601 	 -36.8835 	 1048.9647 	 1041.7902 	 0.0162 	 0.3775 	 0.1580
20 	 3 	 152.2452 	 47.4261 	 -36.8501 	 1048.9460 	 1040.7518 	 0.0162 	 0.3699 	 0.1577
21 	 3 	 152.2634 	 47.4596 	 -36.8568 	 1048.9205 	 1040.6469 	 0.0158 	 0.3655 	 0.1539
22 	 3 	 152.2665 	 47.4581 	 -36.8601 	 1048.7955 	 1040.8239 	 0.0159 	 0.3770 	 0.1538
23 	 3 	 152.2682 	 47.4637 	 -36.8663 	 1048.8429 	 1040.7858 	 0.0152 	 0.3642 	 0.1471
24 	 3 	 152.2649 	 47.4763 	 -36.8635 	 1048.8015 	 1040.7141 	 0.0155 	 0.3751 	 0.1505
25 	 3 	 152.2393 	 47.4804 	 -36.8296 	 1048.8262 	 1040.0387 	 0.0155 	 0.3735 	 0.1505
26 	 3 	 152.2307 	 47.4687 	 -36.8130 	 1048.7007 	 1039.8595 	 0.0157 	 0.3820 	 0.1535
27 	 3 	 152.2216 	 47.4439 	 -36.8243 	 1048.8493 	 1039.7669 	 0.0157 	 0.3804 	 0.1597
28 	 3 	 152.1962 	 47.4627 	 -36.8005 	 1048.9156 	 1039.3560 	 0.0157 	 0.3799 	 0.1627
29 	 3 	 152.1926 	 47.4797 	 -36.7898 	 1048.9748 	 1039.4462 	 0.0160 	 0.3860 	 0.1621
30 	 3 	 152.2137 	 47.4456 	 -36.8363 	 1048.9481 	 1039.9184 	 0.0162 	 0.3961 	 0.1675
31 	 3 	 152.2167 	 47.4737 	 -36.8363 	 1048.9634 	 1039.8850 	 0.0168 	 0.4039 	 0.1730
32 	 3 	 152.2167 	 47.4737 	 -36.8363 	 1048.9634 	 1039.8850 	 0.0158 	 0.3702 	 0.1562
33 	 3 	 152.2167 	 47.4737 	 -36.8363 	 1048.9634 	 1039.8850 	 0.0158 	 0.3702 	 0.1562
34 	 3 	 152.2167 	 47.4737 	 -36.8363 	 1048.9634 	 1039.8850 	 0.0158 	 0.3702 	 0.1562
35 	 3 	 152.2167 	 47.4737 	 -36.8363 	 1048.9634 	 1039.8850 	 0.0158 	 0.3702 	 0.1562
36 	 3 	 152.2167 	 47.4737 	 -36.8363 	 1048.9634 	 1039.8850 	 0.0158 	 0.3702 	 0.1562
37 	 3 	 152.2167 	 47.4737 	 -36.8363 	 1048.9634 	 1039.8850 	 0.0158 	 0.3702 	 0.1562
38 	 3 	 152.2167 	 47.4737 	 -36.8363 	 1048.9634 	 1039.8850 	 0.0158 	 0.3702 	 0.1562
39 	 3 	 152.2167 	 47.4737 	 -36.8363 	 1048.9634 	 1039.8850 	 0.0158 	 0.3702 	 0.1562
1 	 4 	 152.1781 	 47.4804 	 -36.7187 	 1047.3258 	 1038.8585 	 0.0169 	 0.3845 	 0.1402
2 	 4 	 152.1781 	 47.4804 	 -36.7187 	 1047.3258 	 1038.8585 	 0.0169 	 0.3845 	 0.1402
3 	 4 	 152.1781 	 47.4804 	 -36.7187 	 1047.3258 	 1038.8585 	 0.0169 	 0.3845 	 0.1402
4 	 4 	 152.1781 	 47.4804 	 -36.7187 	 1047.3258 	 1038.8585 	 0.0169 	 0.3845 	 0.1402
5 	 4 	 152.1781 	 47.4804 	 -36.7187 	 1047.3258 	 1038.8585 	 0.0169 	 0.3845 	 0.1402
6 	 4 	 152.1781 	 47.4804 	 -36.7187 	 1047.3258 	 1038.8585 	 0.0169 	 0.3845 	 0.1402
7 	 4 	 152.1781 	 47.4804 	 -36.7187 	 1047.3258 	 1038.8585 	 0.0169 	 0.3845 	 0.1402
8 	 4 	 152.1781 	 47.4804 	 -36.7187 	 1047.3258 	 1038.8585 	 0.0169 	 0.3845 	 0.1402
9 	 4 	 152.1781 	 47.4804 	 -36.7187 	 1047.3258 	 1038.8585 	 0.0169 	 0.3845 	 0.1402
10 	 4 	 152.1781 	 47.4804 	 -36.7187 	 1047.3258 	 1038.8585 	 0.0173 	 0.3922 	 0.1382
11 	 4 	 152.1762 	 47.4804 	 -36.7200 	 1047.3304 	 1038.8612 	 0.0166 	 0.3754 	 0.1317
12 	 4 	 152.1847 	 47.4700 	 -36.7236 	 1047.3199 	 1038.2350 	 0.0167 	 0.3801 	 0.1356
13 	 4 	 152.1932 	 47.4715 	 -36.7339 	 1047.3094 	 1038.5151 	 0.0171 	 0.3862 	 0.1336
14 	 4 	 152.1975 	 47.4692 	 -36.7331 	 1047.3216 	 1038.1492 	 0.0177 	 0.4040 	 0.1391
15 	 4 	 152.2034 	 47.4670 	 -36.7544 	 1047.3350 	 1038.2899 	 0.0177 	 0.4088 	 0.1429
16 	 4 	 152.2595 	 47.4538 	 -36.8124 	 1047.3368 	 1037.6256 	 0.0177 	 0.4124 	 0.1489
17 	 4 	 152.2396 	 47.4568 	 -36.8233 	 1047.4376 	 1038.0705 	 0.0173 	 0.4040 	 0.1439
18 	 4 	 152.2452 	 47.4583 	 -36.8333 	 1047.4756 	 1038.1672 	 0.0172 	 0.4063 	 0.1481
19 	 4 	 152.2339 	 47.4522 	 -36.8828 	 1047.6122 	 1039.0080 	 0.0167 	 0.3874 	 0.1391
20 	 4 	 152.2270 	 47.4576 	 -36.8459 	 1047.6870 	 1039.0528 	 0.0169 	 0.3793 	 0.1408
21 	 4 	 152.2262 	 47.4641 	 -36.8087 	 1047.6983 	 1038.5643 	 0.0173 	 0.3846 	 0.1373
22 	 4 	 152.2573 	 47.4532 	 -36.8442 	 1047.7196 	 1038.3735 	 0.0172 	 0.3815 	 0.1355
23 	 4 	 152.2655 	 47.4554 	 -36.8598 	 1047.7283 	 1038.8424 	 0.0165 	 0.3702 	 0.1374
24 	 4 	 152.2778 	 47.4569 	 -36.8821 	 1047.7315 	 1038.9554 	 0.0163 	 0.3717 	 0.1373
25 	 4 	 152.2642 	 47.4603 	 -36.8714 	 1047.7345 	 1039.3630 	 0.0159 	 0.3637 	 0.1334
26 	 4 	 152.2503 	 47.4618 	 -36.8763 	 1047.7840 	 1039.4916 	 0.0164 	 0.3814 	 0.1433
27 	 4 	 152.2281 	 47.4578 	 -36.8669 	 1047.8741 	 1039.7098 	 0.0168 	 0.3828 	 0.1451
28 	 4 	 152.2758 	 47.4464 	 -36.9138 	 1047.9506 	 1039.5109 	 0.0166 	 0.3769 	 0.1407
29 	 4 	 152.2736 	 47.4400 	 -36.9132 	 1047.9958 	 1039.4271 	 0.0164 	 0.3670 	 0.1389
30 	 4 	 152.2532 	 47.4404 	 -36.8917 	 1048.0135 	 1039.6882 	 0.0166 	 0.3776 	 0.1464
31 	 4 	 152.2568 	 47.4420 	 -36.9044 	 1048.0138 	 1040.1046 	 0.0162 	 0.3695 	 0.1415
32 	 4 	 152.2515 	 47.4455 	 -36.8830 	 1048.0352 	 1040.0155 	 0.0166 	 0.3809 	 0.1468
33 	 4 	 152.2515 	 47.4455 	 -36.8830 	 1048.0352 	 1040.0155 	 0.0169 	 0.3845 	 0.1402
34 	 4 	 152.2515 	 47.4455 	 -36.8830 	 1048.0352 	 1040.0155 	 0.0169 	 0.3845 	 0.1402
35 	 4 	 152.2515 	 47.4455 	 -36.8830 	 1048.0352 	 1040.0155 	 0.0169 	 0.3845 	 0.1402
36 	 4 	 152.2515 	 47.4455 	 -36.8830 	 1048.0352 	 1040.0155 	 0.0169 	 0.3845 	 0.1402
37 	 4 	 152.2515 	 47.4455 	 -36.8830 	 1048.0352 	 1040.0155 	 0.0169 	 0.3845 	 0.1402
38 	 4 	 152.2515 	 47.4455 	 -36.8830 	 1048.0352 	 1040.0155 	 0.0169 	 0.3845 	 0.1402
39 	 4 	 152.2515 	 47.4455 	 -36.8830 	 1048.0352 	 1040.0155 	 0.0169 	 0.3845 	 0.1402
40 	 4 	 152.2515 	 47.4455 	 -36.8830 	 1048.0352 	 1040.0155 	 0.0169 	 0.3845 	 0.1402
41 	 4 	 152.2515 	 47.4455 	 -36.8830 	 1048.0352 	 1040.0155 	 0.0169 	 0.3845 	 0.1402
1 	 5 	 152.4360 	 47.4472 	 -36.9036 	 1048.4810 	 1043.2256 	 0.0161 	 0.3890 	 0.1409
2 	 5 	 152.4360 	 47.4472 	 -36.9036 	 1048.4810 	 1043.2256 	 0.0161 	 0.3890 	 0.1409
3 	 5 	 152.4360 	 47.4472 	 -36.9036 	 1048.4810 	 1043.2256 	 0.0161 	 0.3890 	 0.1409
4 	 5 	 152.4360 	 47.4472 	 -36.9036 	 1048.4810 	 1043.2256 	 0.0161 	 0.3890 	 0.1409
5 	 5 	 152.4360 	 47.4472 	 -36.9036 	 1048.4810 	 1043.2256 	 0.0161 	 0.3890 	 0.1409
6 	 5 	 152.4360 	 47.4472 	 -36.9036 	 1048.4810 	 1043.2256 	 0.0161 	 0.3890 	 0.1409
7 	 5 	 152.4360 	 47.4472 	 -36.9036 	 1048.4810 	 1043.2256 	 0.0161 	 0.3890 	 0.1409
8 	 5 	 152.4360 	 47.4472 	 -36.9036 	 1048.4810 	 1043.2256 	 0.0161 	 0.3890 	 0.1409
9 	 5 	 152.4360 	 47.4472 	 -36.9036 	 1048.4810 	 1043.2256 	 0.0161 	 0.3890 	 0.1409
10 	 5 	 152.4360 	 47.4472 	 -36.9036 	 1048.4810 	 1043.2256 	 0.0161 	 0.3890 	 0.1409
11 	 5 	 152.4360 	 47.4472 	 -36.9036 	 1048.4810 	 1043.2256 	 0.0155 	 0.3884 	 0.1637
12 	 5 	 152.4079 	 47.4440 	 -36.8742 	 1048.4677 	 1042.3885 	 0.0154 	 0.3791 	 0.1567
13 	 5 	 152.4211 	 47.4400 	 -36.8808 	 1048.4727 	 1042.5350 	 0.0155 	 0.3869 	 0.1572
14 	 5 	 152.3925 	 47.4454 	 -36.8555 	 1048.5229 	 1042.0328 	 0.0154 	 0.3812 	 0.1580
15 	 5 	 152.3529 	 47.4582 	 -36.8270 	 1048.5516 	 1041.4361 	 0.0156 	 0.3936 	 0.1627
16 	 5 	 152.3441 	 47.4709 	 -36.8226 	 1048.4626 	 1041.6086 	 0.0154 	 0.3838 	 0.1603
17 	 5 	 152.3381 	 47.4689 	 -36.8144 	 1048.5174 	 1041.4908 	 0.0154 	 0.3850 	 0.1608
18 	 5 	 152.3151 	 47.4695 	 -36.8111 	 1048.4764 	 1041.4940 	 0.0153 	 0.3798 	 0.1606
19 	 5 	 152.3314 	 47.4674 	 -36.8036 	 1048.5261 	 1041.2345 	 0.0155 	 0.3787 	 0.1545
20 	 5 	 152.3205 	 47.4768 	 -36.7994 	 1048.5345 	 1041.2883 	 0.0152 	 0.3712 	 0.1518
21 	 5 	 152.3215 	 47.4754 	 -36.7963 	 1048.5975 	 1041.1659 	 0.0153 	 0.3740 	 0.1563
22 	 5 	 152.3689 	 47.4633 	 -36.8130 	 1048.4880 	 1041.2519 	 0.0155 	 0.3698 	 0.1613
23 	 5 	 152.3835 	 47.4583 	 -36.8291 	 1048.4695 	 1041.6020 	 0.0159 	 0.3803 	 0.1573
24 	 5 	 152.3754 	 47.4608 	 -36.8245 	 1048.5006 	 1041.5063 	 0.0157 	 0.3777 	 0.1571
25 	 5 	 152.3737 	 47.4503 	 -36.8195 	 1048.5314 	 1041.1249 	 0.0161 	 0.3833 	 0.1585
26 	 5 	 152.3472 	 47.4688 	 -36.8062 	 1048.5779 	 1041.2412 	 0.0171 	 0.3964 	 0.1544
27 	 5 	 152.3265 	 47.4739 	 -36.8020 	 1048.5314 	 1041.1486 	 0.0171 	 0.3947 	 0.1593
28 	 5 	 152.3378 	 47.4645 	 -36.8001 	 1048.5108 	 1040.9118 	 0.0177 	 0.4066 	 0.1574
29 	 5 	 152.3449 	 47.4556 	 -36.7965 	 1048.5629 	 1040.5366 	 0.0178 	 0.3956 	 0.1484
30 	 5 	 152.3445 	 47.4275 	 -36.7979 	 1048.4771 	 1039.7338 	 0.0179 	 0.4049 	 0.1485
31 	 5 	 152.3500 	 47.4214 	 -36.8033 	 1048.4167 	 1039.6142 	 0.0175 	 0.4051 	 0.1461
32 	 5 	 152.3453 	 47.4057 	 -36.8137 	 1048.4352 	 1039.6245 	 0.0178 	 0.4162 	 0.1493
33 	 5 	 152.3532 	 47.4095 	 -36.8091 	 1048.4863 	 1040.0010 	 0.0182 	 0.4275 	 0.1460
34 	 5 	 152.3422 	 47.4158 	 -36.7994 	 1048.5367 	 1040.0740 	 0.0176 	 0.4111 	 0.1431
35 	 5 	 152.3458 	 47.4049 	 -36.8079 	 1048.5134 	 1040.0275 	 0.0177 	 0.4234 	 0.1430
36 	 5 	 152.3713 	 47.3890 	 -36.8171 	 1048.5321 	 1039.9603 	 0.0174 	 0.4156 	 0.1392
37 	 5 	 152.3530 	 47.3975 	 -36.7982 	 1048.5634 	 1039.8024 	 0.0182 	 0.4357 	 0.1506
38 	 5 	 152.3370 	 47.4007 	 -36.8053 	 1048.6057 	 1040.3210 	 0.0181 	 0.4391 	 0.1483
39 	 5 	 152.3375 	 47.4054 	 -36.7984 	 1048.6361 	 1040.1345 	 0.0180 	 0.4352 	 0.1476
40 	 5 	 152.3263 	 47.4103 	 -36.7949 	 1048.5150 	 1040.1980 	 0.0175 	 0.4269 	 0.1498
41 	 5 	 152.3188 	 47.4102 	 -36.7817 	 1048.5083 	 1039.8183 	 0.0172 	 0.4163 	 0.1521
42 	 5 	 152.3094 	 47.4215 	 -36.7717 	 1048.4731 	 1039.6958 	 0.0169 	 0.4055 	 0.1461
43 	 5 	 152.2886 	 47.4343 	 -36.7432 	 1048.4536 	 1039.1592 	 0.0169 	 0.4062 	 0.1355
44 	 5 	 152.2851 	 47.4326 	 -36.7356 	 1048.3351 	 1038.6525 	 0.0167 	 0.4033 	 0.1339
45 	 5 	 152.2915 	 47.4254 	 -36.7476 	 1048.2359 	 1038.4850 	 0.0166 	 0.3984 	 0.1399
46 	 5 	 152.2943 	 47.4217 	 -36.7645 	 1048.2208 	 1039.0885 	 0.0169 	 0.3972 	 0.1373
47 	 5 	 152.2622 	 47.4291 	 -36.7642 	 1048.2342 	 1039.7182 	 0.0164 	 0.3949 	 0.1360
48 	 5 	 152.2504 	 47.4395 	 -36.7622 	 1048.1602 	 1039.9298 	 0.0165 	 0.3927 	 0.1323
49 	 5 	 152.2441 	 47.4544 	 -36.7496 	 1048.0679 	 1039.6925 	 0.0162 	 0.3956 	 0.1381
50 	 5 	 152.2402 	 47.4499 	 -36.7474 	 1048.1009 	 1039.3932 	 0.0158 	 0.3924 	 0.1387
51 	 5 	 152.2152 	 47.4630 	 -36.7349 	 1048.1415 	 1039.8915 	 0.0157 	 0.3857 	 0.1325
52 	 5 	 152.2029 	 47.4678 	 -36.7222 	 1048.1642 	 1040.0556 	 0.0157 	 0.3845 	 0.1304
53 	 5 	 152.1679 	 47.4906 	 -36.6988 	 1048.1602 	 1040.3857 	 0.0158 	 0.3817 	 0.1238
54 	 5 	 152.1806 	 47.4790 	 -36.7056 	 1048.1213 	 1039.8831 	 0.0154 	 0.3749 	 0.1263
55 	 5 	 152.1784 	 47.4782 	 -36.7023 	 1048.0992 	 1039.8524 	 0.0154 	 0.3782 	 0.1239
56 	 5 	 152.1850 	 47.4580 	 -36.7351 	 1048.1141 	 1040.3665 	 0.0155 	 0.3769 	 0.1294
57 	 5 	 152.2070 	 47.4426 	 -36.7467 	 1048.1410 	 1040.2036 	 0.0149 	 0.3610 	 0.1293
58 	 5 	 152.1991 	 47.4446 	 -36.7568 	 1048.1507 	 1040.6509 	 0.0150 	 0.3659 	 0.1288
59 	 5 	 152.2061 	 47.4463 	 -36.7334 	 1048.1709 	 1040.0352 	 0.0151 	 0.3630 	 0.1285
60 	 5 	 152.2173 	 47.4399 	 -36.7528 	 1048.1159 	 1039.9294 	 0.0150 	 0.3627 	 0.1241
61 	 5 	 152.2144 	 47.4316 	 -36.7474 	 1048.1846 	 1039.8936 	 0.0149 	 0.3598 	 0.1226
62 	 5 	 152.2169 	 47.4293 	 -36.7543 	 1048.1706 	 1040.0859 	 0.0152 	 0.3665 	 0.1220
63 	 5 	 152.2238 	 47.4322 	 -36.7611 	 1048.0981 	 1040.2331 	 0.0152 	 0.3691 	 0.1252
64 	 5 	 152.2142 	 47.4238 	 -36.7666 	 1048.1220 	 1040.5743 	 0.0153 	 0.3686 	 0.1260
65 	 5 	 152.1860 	 47.4363 	 -36.7392 	 1048.1654 	 1041.1128 	 0.0154 	 0.3688 	 0.1287
66 	 5 	 152.1839 	 47.4367 	 -36.7412 	 1048.2133 	 1041.3329 	 0.0151 	 0.3637 	 0.1247
67 	 5 	 152.1881 	 47.4406 	 -36.7440 	 1048.1704 	 1040.8421 	 0.0149 	 0.3629 	 0.1241
68 	 5 	 152.1940 	 47.4478 	 -36.7463 	 1048.1810 	 1040.6128 	 0.0150 	 0.3704 	 0.1274
69 	 5 	 152.1633 	 47.4452 	 -36.7160 	 1048.2813 	 1040.6922 	 0.0149 	 0.3635 	 0.1298
70 	 5 	 152.1576 	 47.4290 	 -36.7308 	 1048.4118 	 1041.0610 	 0.0151 	 0.3573 	 0.1235
71 	 5 	 152.1636 	 47.4256 	 -36.7341 	 1048.4731 	 1041.1941 	 0.0154 	 0.3698 	 0.1258
72 	 5 	 152.1355 	 47.4400 	 -36.7194 	 1048.4578 	 1042.0580 	 0.0160 	 0.3875 	 0.1360
73 	 5 	 152.1223 	 47.4446 	 -36.7006 	 1048.4593 	 1042.1369 	 0.0158 	 0.3820 	 0.1392
74 	 5 	 152.1491 	 47.4375 	 -36.7160 	 1048.4616 	 1041.3601 	 0.0157 	 0.3748 	 0.1375
75 	 5 	 152.1386 	 47.4354 	 -36.7032 	 1048.4370 	 1041.7186 	 0.0159 	 0.3835 	 0.1331
76 	 5 	 152.1568 	 47.4378 	 -36.7151 	 1048.4155 	 1041.4761 	 0.0161 	 0.3903 	 0.1340
77 	 5 	 152.1711 	 47.4361 	 -36.7388 	 1048.4216 	 1041.2638 	 0.0159 	 0.3854 	 0.1296
78 	 5 	 152.1515 	 47.4416 	 -36.7448 	 1048.4143 	 1041.6913 	 0.0164 	 0.4019 	 0.1343
79 	 5 	 152.1574 	 47.4471 	 -36.7375 	 1048.3747 	 1041.2236 	 0.0162 	 0.3935 	 0.1328
80 	 5 	 152.1467 	 47.4683 	 -36.7368 	 1048.3544 	 1041.8224 	 0.0157 	 0.3847 	 0.1314
81 	 5 	 152.1289 	 47.4726 	 -36.7347 	 1048.3950 	 1042.3377 	 0.0158 	 0.3871 	 0.1410
82 	 5 	 152.1361 	 47.4730 	 -36.7437 	 1048.4247 	 1042.3473 	 0.0159 	 0.3918 	 0.1419
83 	 5 	 152.1485 	 47.4593 	 -36.7582 	 1048.4749 	 1042.0290 	 0.0157 	 0.3938 	 0.1418
84 	 5 	 152.1911 	 47.4218 	 -36.7689 	 1048.5935 	 1040.6752 	 0.0158 	 0.3915 	 0.1413
85 	 5 	 152.1930 	 47.4249 	 -36.7722 	 1048.5425 	 1040.6287 	 0.0152 	 0.3793 	 0.1349
86 	 5 	 152.1814 	 47.4181 	 -36.7536 	 1048.5809 	 1040.5192 	 0.0155 	 0.3853 	 0.1405
87 	 5 	 152.1809 	 47.4204 	 -36.7498 	 1048.5887 	 1040.6123 	 0.0157 	 0.3898 	 0.1462
88 	 5 	 152.1920 	 47.4254 	 -36.7501 	 1048.5547 	 1040.4925 	 0.0161 	 0.3987 	 0.1430
89 	 5 	 152.2254 	 47.4254 	 -36.7706 	 1048.4765 	 1040.0180 	 0.0162 	 0.3935 	 0.1409
90 	 5 	 152.2444 	 47.4370 	 -36.7866 	 1048.4644 	 1040.0060 	 0.0163 	 0.4041 	 0.1377
91 	 5 	 152.2627 	 47.4461 	 -36.7887 	 1048.3964 	 1039.8104 	 0.0168 	 0.4102 	 0.1403
92 	 5 	 152.2627 	 47.4461 	 -36.7887 	 1048.3964 	 1039.8104 	 0.0161 	 0.3890 	 0.1409
93 	 5 	 152.2627 	 47.4461 	 -36.7887 	 1048.3964 	 1039.8104 	 0.0161 	 0.3890 	 0.1409
94 	 5 	 152.2627 	 47.4461 	 -36.7887 	 1048.3964 	 1039.8104 	 0.0161 	 0.3890 	 0.1409
95 	 5 	 152.2627 	 47.4461 	 -36.7887 	 1048.3964 	 1039.8104 	 0.0161 	 0.3890 	 0.1409
96 	 5 	 152.2627 	 47.4461 	 -36.7887 	 1048.3964 	 1039.8104 	 0.0161 	 0.3890 	 0.1409
97 	 5 	 152.2627 	 47.4461 	 -36.7887 	 1048.3964 	 1039.8104 	 0.0161 	 0.3890 	 0.1409
98 	 5 	 152.2627 	 47.4461 	 -36.7887 	 1048.3964 	 1039.8104 	 0.0161 	 0.3890 	 0.1409
99 	 5 	 152.2627 	 47.4461 	 -36.7887 	 1048.3964 	 1039.8104 	 0.0161 	 0.3890 	 0.1409
100 	 5 	 152.2627 	 47.4461 	 -36.7887 	 1048.3964 	 1039.8104 	 0.0161 	 0.3890 	 0.1409
101 	 5 	 152.2627 	 47.4461 	 -36.7887 	 1048.3964 	 1039.8104 	 0.0161 	 0.3890 	 0.1409
1 	 6 	 152.2862 	 47.3527 	 -36.8159 	 1046.3531 	 1040.3816 	 0.0169 	 0.4194 	 0.1538
2 	 6 	 152.2862 	 47.3527 	 -36.8159 	 1046.3531 	 1040.3816 	 0.0169 	 0.4194 	 0.1538
3 	 6 	 152.2862 	 47.3527 	 -36.8159 	 1046.3531 	 1040.3816 	 0.0169 	 0.4194 	 0.1538
4 	 6 	 152.2862 	 47.3527 	 -36.8159 	 1046.3531 	 1040.3816 	 0.0169 	 0.4194 	 0.1538
5 	 6 	 152.2862 	 47.3527 	 -36.8159 	 1046.3531 	 1040.3816 	 0.0169 	 0.4194 	 0.1538
6 	 6 	 152.2862 	 47.3527 	 -36.8159 	 1046.3531 	 1040.3816 	 0.0169 	 0.4194 	 0.1538
7 	 6 	 152.2862 	 47.3527 	 -36.8159 	 1046.3531 	 1040.3816 	 0.0169 	 0.4194 	 0.1538
8 	 6 	 152.2862 	 47.3527 	 -36.8159 	 1046.3531 	 1040.3816 	 0.0169 	 0.4194 	 0.1538
9 	 6 	 152.2862 	 47.3527 	 -36.8159 	 1046.3531 	 1040.3816 	 0.0172 	 0.4490 	 0.1687
10 	 6 	 152.2858 	 47.3671 	 -36.8131 	 1046.4275 	 1040.8467 	 0.0167 	 0.4296 	 0.1631
11 	 6 	 152.2911 	 47.3800 	 -36.8148 	 1046.4549 	 1041.1767 	 0.0170 	 0.4331 	 0.1638
12 	 6 	 152.3076 	 47.4257 	 -36.7947 	 1046.5073 	 1041.8501 	 0.0170 	 0.4227 	 0.1599
13 	 6 	 152.3140 	 47.4260 	 -36.8081 	 1046.4322 	 1042.0740 	 0.0170 	 0.4213 	 0.1587
14 	 6 	 152.2871 	 47.4039 	 -36.7727 	 1046.3845 	 1041.0562 	 0.0162 	 0.4026 	 0.1502
15 	 6 	 152.2908 	 47.3936 	 -36.7844 	 1046.4736 	 1041.1024 	 0.0163 	 0.4040 	 0.1535
16 	 6 	 152.2739 	 47.3919 	 -36.8004 	 1046.5771 	 1041.1811 	 0.0162 	 0.3862 	 0.1458
17 	 6 	 152.2882 	 47.4175 	 -36.8066 	 1046.5452 	 1041.7586 	 0.0161 	 0.3785 	 0.1399
18 	 6 	 152.2755 	 47.4181 	 -36.7778 	 1046.5006 	 1041.5049 	 0.0168 	 0.3928 	 0.1430
19 	 6 	 152.2768 	 47.4290 	 -36.7868 	 1046.4951 	 1041.9497 	 0.0166 	 0.3851 	 0.1409
20 	 6 	 152.2695 	 47.4362 	 -36.7682 	 1046.5508 	 1042.0168 	 0.0170 	 0.3952 	 0.1433
21 	 6 	 152.2703 	 47.4269 	 -36.7816 	 1046.4883 	 1042.1497 	 0.0169 	 0.4051 	 0.1428
22 	 6 	 152.2494 	 47.4161 	 -36.7554 	 1046.4833 	 1041.6991 	 0.0172 	 0.4095 	 0.1266
23 	 6 	 152.2828 	 47.4215 	 -36.8026 	 1046.4698 	 1042.3019 	 0.0170 	 0.4027 	 0.1253
24 	 6 	 152.3036 	 47.4429 	 -36.7894 	 1046.4503 	 1042.6754 	 0.0171 	 0.4000 	 0.1307
25 	 6 	 152.2982 	 47.4284 	 -36.8179 	 1046.4542 	 1042.5725 	 0.0167 	 0.3936 	 0.1281
26 	 6 	 152.2792 	 47.4399 	 -36.7741 	 1046.4806 	 1042.3332 	 0.0167 	 0.4031 	 0.1305
27 	 6 	 152.2802 	 47.4546 	 -36.7875 	 1046.4533 	 1042.6476 	 0.0167 	 0.4068 	 0.1245
28 	 6 	 152.2816 	 47.4530 	 -36.7918 	 1046.4342 	 1042.6501 	 0.0166 	 0.4017 	 0.1214
29 	 6 	 152.2702 	 47.4850 	 -36.7610 	 1046.4891 	 1042.9322 	 0.0163 	 0.3953 	 0.1228
30 	 6 	 152.2447 	 47.4769 	 -36.7287 	 1046.5485 	 1042.3673 	 0.0161 	 0.3920 	 0.1216
31 	 6 	 152.2633 	 47.4876 	 -36.7674 	 1046.5464 	 1043.1491 	 0.0166 	 0.4106 	 0.1276
32 	 6 	 152.2316 	 47.4987 	 -36.7503 	 1046.5489 	 1043.2488 	 0.0162 	 0.4078 	 0.1302
33 	 6 	 152.2299 	 47.4852 	 -36.7591 	 1046.5511 	 1043.1996 	 0.0170 	 0.4276 	 0.1614
34 	 6 	 152.2189 	 47.4832 	 -36.7556 	 1046.5197 	 1043.0310 	 0.0172 	 0.4383 	 0.1621
35 	 6 	 152.2209 	 47.4916 	 -36.7667 	 1046.5178 	 1043.2931 	 0.0167 	 0.4270 	 0.1639
36 	 6 	 152.2429 	 47.5182 	 -36.7941 	 1046.4402 	 1044.1037 	 0.0171 	 0.4344 	 0.1723
37 	 6 	 152.2683 	 47.5161 	 -36.8153 	 1046.4831 	 1044.4076 	 0.0169 	 0.4285 	 0.1746
38 	 6 	 152.2547 	 47.4953 	 -36.8055 	 1046.5134 	 1043.9842 	 0.0170 	 0.4392 	 0.1860
39 	 6 	 152.2606 	 47.4811 	 -36.8135 	 1046.6181 	 1043.7823 	 0.0168 	 0.4396 	 0.1855
40 	 6 	 152.2450 	 47.4757 	 -36.8096 	 1046.6616 	 1043.5046 	 0.0168 	 0.4409 	 0.1768
41 	 6 	 152.2375 	 47.4838 	 -36.8005 	 1046.7299 	 1043.6035 	 0.0166 	 0.4285 	 0.1763
42 	 6 	 152.2360 	 47.4837 	 -36.7756 	 1046.6432 	 1043.4772 	 0.0175 	 0.4458 	 0.1920
43 	 6 	 152.2678 	 47.4704 	 -36.8026 	 1046.5166 	 1043.3682 	 0.0175 	 0.4435 	 0.1884
44 	 6 	 152.2371 	 47.4577 	 -36.7445 	 1046.5609 	 1042.6095 	 0.0173 	 0.4363 	 0.1834
45 	 6 	 152.2325 	 47.4459 	 -36.7437 	 1046.6474 	 1042.3036 	 0.0173 	 0.4420 	 0.1814
46 	 6 	 152.2166 	 47.4344 	 -36.7822 	 1046.6121 	 1042.4119 	 0.0180 	 0.4556 	 0.1776
47 	 6 	 152.2072 	 47.4277 	 -36.7938 	 1046.5616 	 1042.3463 	 0.0179 	 0.4529 	 0.1831
48 	 6 	 152.2180 	 47.4099 	 -36.8257 	 1046.5213 	 1042.0516 	 0.0178 	 0.4542 	 0.1790
49 	 6 	 152.2490 	 47.3916 	 -36.8229 	 1046.4513 	 1041.3205 	 0.0178 	 0.4502 	 0.1742
50 	 6 	 152.2165 	 47.4072 	 -36.7935 	 1046.5374 	 1041.5211 	 0.0176 	 0.4441 	 0.1587
51 	 6 	 152.1946 	 47.4200 	 -36.7816 	 1046.6078 	 1041.8149 	 0.0172 	 0.4352 	 0.1570
52 	 6 	 152.1914 	 47.4218 	 -36.7678 	 1046.6099 	 1041.8226 	 0.0172 	 0.4355 	 0.1569
53 	 6 	 152.1827 	 47.3852 	 -36.7628 	 1046.5805 	 1040.6005 	 0.0172 	 0.4361 	 0.1564
54 	 6 	 152.1515 	 47.3910 	 -36.7328 	 1046.6039 	 1040.4863 	 0.0167 	 0.4277 	 0.1534
55 	 6 	 152.1757 	 47.3977 	 -36.7584 	 1046.6314 	 1040.7771 	 0.0167 	 0.4119 	 0.1456
56 	 6 	 152.1930 	 47.3986 	 -36.7856 	 1046.6562 	 1041.0160 	 0.0170 	 0.4209 	 0.1583
57 	 6 	 152.1869 	 47.3758 	 -36.7882 	 1046.5751 	 1040.4116 	 0.0169 	 0.4115 	 0.1523
58 	 6 	 152.1868 	 47.3806 	 -36.7860 	 1046.6157 	 1040.4969 	 0.0171 	 0.4183 	 0.1549
59 	 6 	 152.1785 	 47.3762 	 -36.7914 	 1046.6770 	 1040.3032 	 0.0168 	 0.4105 	 0.1416
60 	 6 	 152.1717 	 47.3868 	 -36.7856 	 1046.7175 	 1040.7327 	 0.0164 	 0.4077 	 0.1427
61 	 6 	 152.2141 	 47.3597 	 -36.8490 	 1046.6795 	 1040.0846 	 0.0169 	 0.4112 	 0.1396
62 	 6 	 152.2298 	 47.3843 	 -36.8402 	 1046.5768 	 1040.7847 	 0.0168 	 0.4083 	 0.1446
63 	 6 	 152.2162 	 47.3720 	 -36.8384 	 1046.5570 	 1040.3644 	 0.0161 	 0.3956 	 0.1418
64 	 6 	 152.1927 	 47.3765 	 -36.8237 	 1046.6073 	 1040.4783 	 0.0162 	 0.4058 	 0.1410
65 	 6 	 152.1847 	 47.3778 	 -36.8089 	 1046.6106 	 1040.4274 	 0.0165 	 0.4134 	 0.1431
66 	 6 	 152.1847 	 47.3778 	 -36.8089 	 1046.6106 	 1040.4274 	 0.0169 	 0.4194 	 0.1538
67 	 6 	 152.1847 	 47.3778 	 -36.8089 	 1046.6106 	 1040.4274 	 0.0169 	 0.4194 	 0.1538
68 	 6 	 152.1847 	 47.3778 	 -36.8089 	 1046.6106 	 1040.4274 	 0.0169 	 0.4194 	 0.1538
69 	 6 	 152.1847 	 47.3778 	 -36.8089 	 1046.6106 	 1040.4274 	 0.0169 	 0.4194 	 0.1538
70 	 6 	 152.1847 	 47.3778 	 -36.8089 	 1046.6106 	 1040.4274 	 0.0169 	 0.4194 	 0.1538
71 	 6 	 152.1847 	 47.3778 	 -36.8089 	 1046.6106 	 1040.4274 	 0.0169 	 0.4194 	 0.1538
72 	 6 	 152.1847 	 47.3778 	 -36.8089 	 1046.6106 	 1040.4274 	 0.0169 	 0.4194 	 0.1538
73 	 6 	 152.1847 	 47.3778 	 -36.8089 	 1046.6106 	 1040.4274 	 0.0169 	 0.4194 	 0.1538
1 	 7 	 152.1391 	 47.5223 	 -36.7024 	 1045.1452 	 1040.6640 	 0.0181 	 0.2374 	 0.1737
2 	 7 	 152.1391 	 47.5223 	 -36.7024 	 1045.1452 	 1040.6640 	 0.0181 	 0.2374 	 0.1737
3 	 7 	 152.1391 	 47.5223 	 -36.7024 	 1045.1452 	 1040.6640 	 0.0181 	 0.2374 	 0.1737
4 	 7 	 152.1391 	 47.5223 	 -36.7024 	 1045.1452 	 1040.6640 	 0.0181 	 0.2374 	 0.1737
5 	 7 	 152.1391 	 47.5223 	 -36.7024 	 1045.1452 	 1040.6640 	 0.0181 	 0.2374 	 0.1737
6 	 7 	 152.1391 	 47.5223 	 -36.7024 	 1045.1452 	 1040.6640 	 0.0181 	 0.2374 	 0.1737
7 	 7 	 152.1391 	 47.5223 	 -36.7024 	 1045.1452 	 1040.6640 	 0.0181 	 0.2374 	 0.1737
8 	 7 	 152.1391 	 47.5223 	 -36.7024 	 1045.1452 	 1040.6640 	 0.0181 	 0.2374 	 0.1737
9 	 7 	 152.1391 	 47.5223 	 -36.7024 	 1045.1452 	 1040.6640 	 0.0181 	 0.2374 	 0.1737
10 	 7 	 152.1391 	 47.5223 	 -36.7024 	 1045.1452 	 1040.6640 	 0.0180 	 0.2104 	 0.1579
11 	 7 	 152.1379 	 47.5187 	 -36.6998 	 1045.1630 	 1040.6977 	 0.0177 	 0.2071 	 0.1532
12 	 7 	 152.1365 	 47.5377 	 -36.6984 	 1045.1598 	 1040.5934 	 0.0174 	 0.2242 	 0.1543
13 	 7 	 152.1323 	 47.5426 	 -36.6947 	 1045.1615 	 1040.5844 	 0.0170 	 0.2208 	 0.1545
14 	 7 	 152.1298 	 47.5466 	 -36.6971 	 1045.1774 	 1040.5490 	 0.0176 	 0.2259 	 0.1572
15 	 7 	 152.1285 	 47.5559 	 -36.6930 	 1045.1831 	 1040.5446 	 0.0176 	 0.2292 	 0.1528
16 	 7 	 152.1224 	 47.5604 	 -36.6811 	 1045.1631 	 1040.5350 	 0.0178 	 0.2371 	 0.1561
17 	 7 	 152.1010 	 47.5691 	 -36.6520 	 1045.1498 	 1040.4752 	 0.0179 	 0.2416 	 0.1591
18 	 7 	 152.1154 	 47.5706 	 -36.6738 	 1045.1416 	 1040.4614 	 0.0178 	 0.2413 	 0.1605
19 	 7 	 152.1228 	 47.5770 	 -36.6898 	 1045.1531 	 1040.4034 	 0.0178 	 0.2433 	 0.1607
20 	 7 	 152.1462 	 47.5798 	 -36.7297 	 1045.1594 	 1040.2977 	 0.0182 	 0.2452 	 0.1696
21 	 7 	 152.1540 	 47.5648 	 -36.7367 	 1045.1716 	 1040.3891 	 0.0182 	 0.2449 	 0.1743
22 	 7 	 152.1555 	 47.5728 	 -36.7251 	 1045.1691 	 1040.5230 	 0.0183 	 0.2369 	 0.1629
23 	 7 	 152.1622 	 47.5513 	 -36.7284 	 1045.1402 	 1040.6431 	 0.0172 	 0.2360 	 0.1802
24 	 7 	 152.1605 	 47.5487 	 -36.7315 	 1045.1324 	 1040.6297 	 0.0181 	 0.2617 	 0.1836
25 	 7 	 152.1474 	 47.5346 	 -36.7300 	 1045.1222 	 1040.4740 	 0.0173 	 0.2607 	 0.1900
26 	 7 	 152.1419 	 47.5373 	 -36.7255 	 1045.1088 	 1040.4534 	 0.0177 	 0.2661 	 0.1854
27 	 7 	 152.1594 	 47.5211 	 -36.7421 	 1045.1069 	 1040.5373 	 0.0172 	 0.2560 	 0.1862
28 	 7 	 152.1607 	 47.5067 	 -36.7374 	 1045.0948 	 1040.6223 	 0.0172 	 0.2538 	 0.1835
29 	 7 	 152.1331 	 47.5219 	 -36.6962 	 1045.1014 	 1040.6051 	 0.0173 	 0.2526 	 0.1831
30 	 7 	 152.1312 	 47.5219 	 -36.6985 	 1045.0897 	 1040.5867 	 0.0173 	 0.2486 	 0.1856
31 	 7 	 152.1429 	 47.5148 	 -36.7092 	 1045.0498 	 1040.6932 	 0.0175 	 0.2348 	 0.1857
32 	 7 	 152.1257 	 47.5238 	 -36.6872 	 1045.0327 	 1040.6729 	 0.0177 	 0.2342 	 0.1804
33 	 7 	 152.1415 	 47.5195 	 -36.7130 	 1045.0398 	 1040.6624 	 0.0175 	 0.2311 	 0.1811
34 	 7 	 152.1552 	 47.5230 	 -36.7373 	 1045.0411 	 1040.6573 	 0.0169 	 0.2185 	 0.1778
35 	 7 	 152.1595 	 47.5200 	 -36.7477 	 1045.0354 	 1040.6513 	 0.0169 	 0.2165 	 0.1776
36 	 7 	 152.2028 	 47.5001 	 -36.7952 	 1045.0828 	 1040.7220 	 0.0170 	 0.2234 	 0.1772
37 	 7 	 152.1915 	 47.5053 	 -36.7777 	 1045.0930 	 1040.7312 	 0.0171 	 0.2219 	 0.1731
38 	 7 	 152.2176 	 47.4931 	 -36.8063 	 1045.0812 	 1040.7895 	 0.0171 	 0.2216 	 0.1693
39 	 7 	 152.2169 	 47.4959 	 -36.8048 	 1045.0793 	 1040.7803 	 0.0168 	 0.2196 	 0.1677
40 	 7 	 152.2379 	 47.4945 	 -36.8396 	 1045.0809 	 1040.7229 	 0.0170 	 0.2226 	 0.1707
41 	 7 	 152.2485 	 47.4914 	 -36.8579 	 1045.0973 	 1040.6908 	 0.0171 	 0.2191 	 0.1679
42 	 7 	 152.2827 	 47.4725 	 -36.9001 	 1045.1069 	 1040.6853 	 0.0174 	 0.2234 	 0.1592
43 	 7 	 152.3232 	 47.4487 	 -36.9317 	 1045.1332 	 1040.7778 	 0.0177 	 0.2195 	 0.1656
44 	 7 	 152.3051 	 47.4577 	 -36.9019 	 1045.1257 	 1040.7673 	 0.0179 	 0.2179 	 0.1651
45 	 7 	 152.2948 	 47.4702 	 -36.8895 	 1045.1600 	 1040.7418 	 0.0174 	 0.2309 	 0.1584
46 	 7 	 152.2668 	 47.4743 	 -36.8611 	 1045.1393 	 1040.7007 	 0.0178 	 0.2363 	 0.1640
47 	 7 	 152.2701 	 47.4752 	 -36.8670 	 1045.1274 	 1040.6811 	 0.0180 	 0.2381 	 0.1649
48 	 7 	 152.2675 	 47.4812 	 -36.8701 	 1045.1474 	 1040.6469 	 0.0181 	 0.2354 	 0.1653
49 	 7 	 152.2728 	 47.4811 	 -36.8705 	 1045.1379 	 1040.6308 	 0.0183 	 0.2401 	 0.1630
50 	 7 	 152.3053 	 47.4605 	 -36.8971 	 1045.1389 	 1040.7150 	 0.0180 	 0.2348 	 0.1517
51 	 7 	 152.3077 	 47.4554 	 -36.8791 	 1045.1345 	 1040.8253 	 0.0185 	 0.2407 	 0.1677
52 	 7 	 152.3567 	 47.4423 	 -36.9234 	 1045.1483 	 1040.8591 	 0.0179 	 0.2311 	 0.1611
53 	 7 	 152.4112 	 47.4211 	 -36.9843 	 1045.1521 	 1040.8270 	 0.0183 	 0.2337 	 0.1694
54 	 7 	 152.4247 	 47.4188 	 -36.9938 	 1045.1646 	 1040.8372 	 0.0183 	 0.2325 	 0.1655
55 	 7 	 152.4178 	 47.4267 	 -36.9850 	 1045.1482 	 1040.8593 	 0.0187 	 0.2335 	 0.1667
56 	 7 	 152.3960 	 47.4379 	 -36.9509 	 1045.1841 	 1040.9538 	 0.0194 	 0.2469 	 0.1719
57 	 7 	 152.4089 	 47.4292 	 -36.9607 	 1045.2009 	 1040.9533 	 0.0192 	 0.2438 	 0.1724
58 	 7 	 152.4331 	 47.4200 	 -36.9804 	 1045.1751 	 1040.9356 	 0.0192 	 0.2547 	 0.1720
59 	 7 	 152.3769 	 47.4412 	 -36.9114 	 1045.1635 	 1040.9109 	 0.0192 	 0.2568 	 0.1725
60 	 7 	 152.3158 	 47.4591 	 -36.8532 	 1045.1387 	 1040.8902 	 0.0194 	 0.2686 	 0.1791
61 	 7 	 152.3623 	 47.4470 	 -36.9076 	 1045.1814 	 1040.8313 	 0.0191 	 0.2679 	 0.1824
62 	 7 	 152.3410 	 47.4510 	 -36.8924 	 1045.1889 	 1040.8660 	 0.0186 	 0.2602 	 0.1765
63 	 7 	 152.3358 	 47.4517 	 -36.8854 	 1045.1918 	 1040.9178 	 0.0192 	 0.2724 	 0.1821
64 	 7 	 152.3399 	 47.4571 	 -36.9109 	 1045.1852 	 1040.7865 	 0.0197 	 0.2584 	 0.1995
65 	 7 	 152.4160 	 47.4359 	 -36.9921 	 1045.1893 	 1040.7372 	 0.0194 	 0.2520 	 0.1900
66 	 7 	 152.3951 	 47.4417 	 -36.9721 	 1045.2160 	 1040.7381 	 0.0189 	 0.2457 	 0.1874
67 	 7 	 152.4257 	 47.4300 	 -37.0125 	 1045.2307 	 1040.7223 	 0.0184 	 0.2393 	 0.1777
68 	 7 	 152.4220 	 47.4297 	 -37.0041 	 1045.2110 	 1040.7884 	 0.0178 	 0.2305 	 0.1770
69 	 7 	 152.4526 	 47.4230 	 -37.0270 	 1045.2133 	 1040.7534 	 0.0186 	 0.2424 	 0.1866
70 	 7 	 152.4738 	 47.4148 	 -37.0544 	 1045.2351 	 1040.7783 	 0.0180 	 0.2337 	 0.1715
71 	 7 	 152.4788 	 47.4180 	 -37.0517 	 1045.1794 	 1040.7582 	 0.0189 	 0.2410 	 0.1792
72 	 7 	 152.4967 	 47.4135 	 -37.0529 	 1045.1616 	 1040.8069 	 0.0192 	 0.2391 	 0.1747
73 	 7 	 152.5578 	 47.3965 	 -37.1081 	 1045.1619 	 1040.8344 	 0.0193 	 0.2423 	 0.1815
74 	 7 	 152.5122 	 47.4006 	 -37.0746 	 1045.1692 	 1040.7816 	 0.0186 	 0.2441 	 0.1855
75 	 7 	 152.5227 	 47.3965 	 -37.0913 	 1045.1699 	 1040.7900 	 0.0183 	 0.2298 	 0.1777
76 	 7 	 152.4513 	 47.4169 	 -37.0244 	 1045.1757 	 1040.7948 	 0.0186 	 0.2508 	 0.1886
77 	 7 	 152.4434 	 47.4195 	 -37.0088 	 1045.1764 	 1040.8139 	 0.0187 	 0.2335 	 0.1855
78 	 7 	 152.3712 	 47.4336 	 -36.9603 	 1045.1943 	 1040.8481 	 0.0189 	 0.2346 	 0.1836
79 	 7 	 152.4016 	 47.4309 	 -36.9888 	 1045.2105 	 1040.8715 	 0.0189 	 0.2318 	 0.1824
80 	 7 	 152.3209 	 47.4476 	 -36.9266 	 1045.1881 	 1040.7963 	 0.0192 	 0.2274 	 0.1905
81 	 7 	 152.3588 	 47.4389 	 -36.9589 	 1045.1688 	 1040.7843 	 0.0189 	 0.2321 	 0.1901
82 	 7 	 152.3565 	 47.4395 	 -36.9562 	 1045.1910 	 1040.8077 	 0.0186 	 0.2227 	 0.1827
83 	 7 	 152.3732 	 47.4335 	 -36.9713 	 1045.1594 	 1040.7728 	 0.0179 	 0.2204 	 0.1769
84 	 7 	 152.3743 	 47.4338 	 -36.9666 	 1045.1570 	 1040.7824 	 0.0187 	 0.2259 	 0.1849
85 	 7 	 152.3743 	 47.4338 	 -36.9666 	 1045.1570 	 1040.7824 	 0.0181 	 0.2374 	 0.1737
86 	 7 	 152.3743 	 47.4338 	 -36.9666 	 1045.1570 	 1040.7824 	 0.0181 	 0.2374 	 0.1737
87 	 7 	 152.3743 	 47.4338 	 -36.9666 	 1045.1570 	 1040.7824 	 0.0181 	 0.2374 	 0.1737
88 	 7 	 152.3743 	 47.4338 	 -36.9666 	 1045.1570 	 1040.7824 	 0.0181 	 0.2374 	 0.1737
89 	 7 	 152.3743 	 47.4338 	 -36.9666 	 1045.1570 	 1040.7824 	 0.0181 	 0.2374 	 0.1737
90 	 7 	 152.3743 	 47.4338 	 -36.9666 	 1045.1570 	 1040.7824 	 0.0181 	 0.2374 	 0.1737
91 	 7 	 152.3743 	 47.4338 	 -36.9666 	 1045.1570 	 1040.7824 	 0.0181 	 0.2374 	 0.1737
92 	 7 	 152.3743 	 47.4338 	 -36.9666 	 1045.1570 	 1040.7824 	 0.0181 	 0.2374 	 0.1737
93 	 7 	 152.3743 	 47.4338 	 -36.9666 	 1045.1570 	 1040.7824 	 0.0181 	 0.2374 	 0.1737
