[Scale3Pack 1]
         1     1.256         1
         2     1.251         1
         3     1.245         1
         4     1.238         1
         5     1.228         1
         6     1.221         1
         7     1.214         1
         8     1.210         1
         9     1.207         1
        10     1.205         1
        11     1.204         1
        12     1.199         1
        13     1.194         1
        14     1.184         1
        15     1.180         1
        16     1.178         1
        17     1.176         1
        18     1.172         1
        19     1.169         1
        20     1.167         1
        21     1.165         1
        22     1.163         1
        23     1.163         1
        24     1.163         1
        25     1.163         1
        26     1.161         1
        27     1.160         1
        28     1.160         1
        29     1.149         1
        30     1.140         1
        31     1.131         1
        32     1.118         1
        33     1.107         1
        34     1.098         1
        35     1.088         1
        36     1.078         1
        37     1.069         1
        38     1.067         1
        39     1.065         1
        40     1.063         1
        41     1.061         1
        42     1.058         1
        43     1.052         1
        44     1.046         1
        45     1.038         1
        46     1.030         1
        47     1.024         1
        48     1.028         1
        49     1.034         1
        50     1.037         1
        51     1.036         1
        52     1.034         1
        53     1.033         1
        54     1.034         1
        55     1.034         1
        56     1.032         1
        57     1.028         1
        58     1.028         1
        59     1.028         1
        60     1.027         1
        61     1.026         1
        62     1.025         1
        63     1.023         1
        64     1.018         1
        65     1.013         1
        66     1.011         1
        67     1.008         1
        68     1.004         1
        69     1.002         1
        70     1.002         1
        71     1.001         1
        72     1.000         1
        73     1.000         1
        74     0.998         1
        75     0.999         1
        76     1.000         1
        77     0.999         1
        78     0.997         1
        79     0.994         1
        80     0.992         1
        81     0.990         1
        82     0.987         1
        83     0.986         1
        84     0.985         1
        85     0.983         1
        86     0.981         1
        87     0.980         1
        88     0.980         1
        89     1.082         2
        90     1.082         2
        91     1.081         2
        92     1.083         2
        93     1.085         2
        94     1.087         2
        95     1.087         2
        96     1.087         2
        97     1.088         2
        98     1.089         2
        99     1.090         2
       100     1.091         2
       101     1.092         2
       102     1.094         2
       103     1.095         2
       104     1.097         2
       105     1.097         2
       106     1.098         2
       107     1.099         2
       108     1.100         2
       109     1.100         2
       110     1.100         2
       111     1.100         2
       112     1.100         2
       113     1.101         2
       114     1.101         2
       115     1.102         2
       116     1.103         2
       117     1.104         2
       118     1.104         2
       119     1.106         2
       120     1.108         2
       121     1.109         2
       122     1.110         2
       123     1.111         2
       124     1.111         2
       125     1.110         2
       126     1.109         2
       127     1.108         2
       128     1.107         2
       129     1.106         2
       130     1.105         2
       131     1.104         2
       132     1.104         2
       133     1.103         2
       134     1.102         2
       135     1.100         2
       136     1.099         2
       137     1.096         2
       138     1.095         2
       139     1.095         2
       140     1.096         2
       141     1.093         2
       142     1.091         2
       143     1.089         2
       144     1.084         2
       145     1.081         2
       146     1.078         2
       147     1.076         2
       148     1.075         2
       149     1.071         2
       150     1.067         2
       151     1.063         2
       152     1.059         2
       153     1.054         2
       154     1.051         2
       155     1.048         2
       156     1.047         2
       157     1.046         2
       158     1.044         2
       159     1.042         2
       160     1.040         2
       161     1.038         2
       162     1.038         2
       163     1.038         2
       164     1.039         2
       165     1.038         2
       166     1.037         2
       167     1.035         2
       168     1.034         2
       169     1.033         2
       170     1.033         2
       171     1.033         2
       172     1.033         2
       173     1.033         2
       174     1.032         2
       175     1.032         2
       176     1.032         2
       177     1.032         2
       178     1.031         2
       179     1.030         2
       180     1.031         2
       181     1.032         2
       182     1.032         2
       183     1.031         2
       184     1.031         2
       185     1.105         3
       186     1.104         3
       187     1.104         3
       188     1.104         3
       189     1.103         3
       190     1.104         3
       191     1.102         3
       192     1.101         3
       193     1.100         3
       194     1.100         3
       195     1.099         3
       196     1.099         3
       197     1.099         3
       198     1.099         3
       199     1.099         3
       200     1.101         3
       201     1.103         3
       202     1.106         3
       203     1.105         3
       204     1.104         3
       205     1.103         3
       206     1.101         3
       207     1.099         3
       208     1.099         3
       209     1.100         3
       210     1.101         3
       211     1.101         3
       212     1.102         3
       213     1.102         3
       214     1.103         3
       215     1.104         3
       216     1.106         3
       217     1.107         3
       218     1.109         3
       219     1.110         3
       220     1.111         3
       221     1.112         3
       222     1.112         3
       223     0.990         4
       224     0.990         4
       225     0.991         4
       226     0.991         4
       227     0.993         4
       228     0.996         4
       229     0.999         4
       230     1.001         4
       231     1.004         4
       232     1.006         4
       233     1.008         4
       234     1.009         4
       235     1.009         4
       236     1.009         4
       237     1.009         4
       238     1.009         4
       239     1.009         4
       240     1.009         4
       241     1.009         4
       242     1.009         4
       243     1.011         4
       244     1.012         4
       245     1.013         4
       246     1.016         4
       247     1.018         4
       248     1.021         4
       249     1.025         4
       250     1.028         4
       251     1.031         4
       252     1.034         4
       253     1.038         4
       254     1.042         4
       255     1.046         4
       256     1.050         4
       257     1.053         4
       258     1.056         4
       259     1.058         4
       260     1.061         4
       261     1.063         4
       262     1.065         4
       263     1.067         4
       264     0.904         5
       265     0.904         5
       266     0.904         5
       267     0.905         5
       268     0.906         5
       269     0.907         5
       270     0.910         5
       271     0.912         5
       272     0.915         5
       273     0.918         5
       274     0.921         5
       275     0.925         5
       276     0.929         5
       277     0.932         5
       278     0.935         5
       279     0.937         5
       280     0.940         5
       281     0.943         5
       282     0.946         5
       283     0.948         5
       284     0.950         5
       285     0.953         5
       286     0.955         5
       287     0.956         5
       288     0.957         5
       289     0.958         5
       290     0.960         5
       291     0.960         5
       292     0.962         5
       293     0.962         5
       294     0.963         5
       295     0.965         5
       296     0.967         5
       297     0.969         5
       298     0.971         5
       299     0.974         5
       300     0.976         5
       301     0.978         5
       302     0.981         5
       303     0.983         5
       304     0.986         5
       305     0.989         5
       306     0.992         5
       307     0.993         5
       308     0.994         5
       309     0.995         5
       310     0.997         5
       311     1.000         5
       312     1.003         5
       313     1.006         5
       314     1.009         5
       315     1.013         5
       316     1.018         5
       317     1.022         5
       318     1.027         5
       319     1.030         5
       320     1.034         5
       321     1.038         5
       322     1.043         5
       323     1.045         5
       324     1.047         5
       325     1.050         5
       326     1.053         5
       327     1.057         5
       328     1.058         5
       329     1.060         5
       330     1.062         5
       331     1.064         5
       332     1.066         5
       333     1.067         5
       334     1.068         5
       335     1.069         5
       336     1.071         5
       337     1.074         5
       338     1.077         5
       339     1.080         5
       340     1.081         5
       341     1.081         5
       342     1.080         5
       343     1.081         5
       344     1.081         5
       345     1.081         5
       346     1.081         5
       347     1.082         5
       348     1.083         5
       349     1.085         5
       350     1.088         5
       351     1.091         5
       352     1.094         5
       353     1.098         5
       354     1.102         5
       355     1.106         5
       356     1.111         5
       357     1.116         5
       358     1.120         5
       359     1.124         5
       360     1.127         5
       361     1.130         5
       362     1.132         5
       363     1.133         5
       364     1.133         5
       365     1.090         6
       366     1.091         6
       367     1.090         6
       368     1.091         6
       369     1.093         6
       370     1.095         6
       371     1.097         6
       372     1.099         6
       373     1.101         6
       374     1.104         6
       375     1.107         6
       376     1.109         6
       377     1.112         6
       378     1.115         6
       379     1.118         6
       380     1.120         6
       381     1.123         6
       382     1.125         6
       383     1.128         6
       384     1.130         6
       385     1.134         6
       386     1.136         6
       387     1.138         6
       388     1.140         6
       389     1.142         6
       390     1.144         6
       391     1.146         6
       392     1.148         6
       393     1.151         6
       394     1.152         6
       395     1.153         6
       396     1.155         6
       397     1.157         6
       398     1.158         6
       399     1.159         6
       400     1.158         6
       401     1.157         6
       402     1.156         6
       403     1.155         6
       404     1.153         6
       405     1.152         6
       406     1.152         6
       407     1.151         6
       408     1.151         6
       409     1.148         6
       410     1.147         6
       411     1.146         6
       412     1.146         6
       413     1.145         6
       414     1.145         6
       415     1.143         6
       416     1.142         6
       417     1.140         6
       418     1.139         6
       419     1.138         6
       420     1.137         6
       421     1.136         6
       422     1.135         6
       423     1.135         6
       424     1.136         6
       425     1.137         6
       426     1.138         6
       427     1.139         6
       428     1.140         6
       429     1.142         6
       430     1.144         6
       431     1.146         6
       432     1.148         6
       433     1.149         6
       434     1.149         6
       435     1.149         6
       436     1.147         6
       437     1.147         6
       438     1.005         7
       439     1.005         7
       440     1.005         7
       441     1.003         7
       442     1.003         7
       443     1.004         7
       444     1.001         7
       445     0.995         7
       446     0.989         7
       447     0.977         7
       448     0.967         7
       449     0.957         7
       450     0.947         7
       451     0.941         7
       452     0.938         7
       453     0.940         7
       454     0.942         7
       455     0.944         7
       456     0.946         7
       457     0.946         7
       458     0.946         7
       459     0.945         7
       460     0.944         7
       461     0.944         7
       462     0.944         7
       463     0.943         7
       464     0.939         7
       465     0.937         7
       466     0.937         7
       467     0.937         7
       468     0.933         7
       469     0.930         7
       470     0.924         7
       471     0.912         7
       472     0.905         7
       473     0.897         7
       474     0.888         7
       475     0.880         7
       476     0.869         7
       477     0.861         7
       478     0.857         7
       479     0.853         7
       480     0.861         7
       481     0.869         7
       482     0.877         7
       483     0.884         7
       484     0.880         7
       485     0.877         7
       486     0.876         7
       487     0.875         7
       488     0.874         7
       489     0.875         7
       490     0.876         7
       491     0.876         7
       492     0.873         7
       493     0.872         7
       494     0.870         7
       495     0.864         7
       496     0.858         7
       497     0.856         7
       498     0.854         7
       499     0.855         7
       500     0.855         7
       501     0.854         7
       502     0.851         7
       503     0.849         7
       504     0.850         7
       505     0.852         7
       506     0.853         7
       507     0.855         7
       508     0.856         7
       509     0.858         7
       510     0.861         7
       511     0.862         7
       512     0.865         7
       513     0.868         7
       514     0.872         7
       515     0.877         7
       516     0.880         7
       517     0.885         7
       518     0.889         7
       519     0.886         7
       520     0.885         7
       521     0.883         7
       522     0.882         7
       523     0.880         7
       524     0.878         7
       525     0.887         7
       526     0.896         7
       527     0.900         7
       528     0.906         7
       529     0.908         7
       530     0.911         7
