119.45     -5.1182518e+01
119.7     -5.1199356e+01
119.95     -5.1351654e+01
120.2     -5.1384941e+01
120.45     -5.1521523e+01
120.7     -5.1604889e+01
120.95     -5.1599220e+01
121.2     -5.1688965e+01
121.45     -5.1810833e+01
121.7     -5.1902832e+01
121.95     -5.1901299e+01
122.2     -5.1970039e+01
122.45     -5.1971725e+01
122.7     -5.2125229e+01
122.95     -5.2031773e+01
123.2     -5.2112633e+01
123.45     -5.2264553e+01
123.7     -5.2073147e+01
123.95     -5.2103001e+01
124.2     -5.2022636e+01
124.45     -5.1982792e+01
124.7     -5.1927158e+01
124.95     -5.1882416e+01
125.2     -5.1844658e+01
125.45     -5.1854958e+01
125.7     -5.1698143e+01
