119.45     -5.9989952e+01
119.7     -5.9763454e+01
119.95     -5.9759556e+01
120.2     -5.9525379e+01
120.45     -5.9627094e+01
120.7     -5.9546257e+01
120.95     -5.9417786e+01
121.2     -5.9153072e+01
121.45     -5.9132580e+01
121.7     -5.8948517e+01
121.95     -5.8813602e+01
122.2     -5.8530865e+01
122.45     -5.8378521e+01
122.7     -5.8089912e+01
122.95     -5.7819817e+01
123.2     -5.7592911e+01
123.45     -5.7232620e+01
123.7     -5.6846340e+01
123.95     -5.6571686e+01
124.2     -5.6096401e+01
124.45     -5.5697193e+01
124.7     -5.5385162e+01
124.95     -5.4932796e+01
125.2     -5.4443451e+01
125.45     -5.3983921e+01
125.7     -5.3554016e+01
