-60     -2.9847450e+01
-58     -3.2559624e+01
-56     -3.4594250e+01
-54     -3.4178406e+01
-52     -3.5878677e+01
-50     -3.6798157e+01
-48     -3.8895107e+01
-46     -4.0461746e+01
-44     -4.2595871e+01
-42     -4.2367130e+01
-40     -4.3685375e+01
-38     -4.4578827e+01
-36     -4.5417828e+01
-34     -4.5736538e+01
-32     -4.7097164e+01
-30     -4.7660145e+01
-28     -4.9193459e+01
-26     -4.9618595e+01
-24     -5.0105808e+01
-22     -5.0415512e+01
-20     -5.0778938e+01
-18     -5.0912971e+01
-16     -5.1094151e+01
-14     -5.0987907e+01
-12     -5.0783005e+01
-10     -5.0630123e+01
-8     -5.0332497e+01
-6     -4.9746574e+01
-4     -4.9764420e+01
-2     -4.1771645e+01
0     -4.1112965e+01
2     -4.1488758e+01
4     -4.9358433e+01
6     -4.9724152e+01
8     -4.9690823e+01
10     -4.9646805e+01
12     -4.9714233e+01
14     -4.9954235e+01
16     -4.9579227e+01
18     -4.9669052e+01
20     -4.9397690e+01
22     -4.8785988e+01
24     -4.8380787e+01
26     -4.7799282e+01
28     -4.7087849e+01
30     -4.6316620e+01
32     -4.5368130e+01
34     -4.4173607e+01
36     -4.3267597e+01
38     -4.1920544e+01
40     -4.1519642e+01
42     -4.0454227e+01
44     -3.9787045e+01
46     -3.8578117e+01
48     -3.7024155e+01
50     -3.4677734e+01
52     -3.2985115e+01
54     -3.3320560e+01
56     -3.1834654e+01
58     -2.9642239e+01
60     -2.7640598e+01
