-180     5.9524957e+02
-170     5.5417126e+02
-160     5.2106848e+02
-150     4.8792181e+02
-140     4.4496097e+02
-130     -9.5458878e+01
-120     -9.7394623e+01
-110     -9.8425941e+01
-100     -9.8741890e+01
-90     -9.8012604e+01
-80     -9.6037964e+01
-70     -8.6300674e+01
-60     -8.3489868e+01
-50     -7.5892723e+01
-40     -7.2234695e+01
-30     -6.7415947e+01
-20     -6.1590935e+01
-10     -5.5126877e+01
0     -4.8925232e+01
10     -5.4753468e+01
20     -6.1546959e+01
30     -6.7333878e+01
40     -7.2091667e+01
50     -7.5839882e+01
60     -8.2663116e+01
70     -8.5628159e+01
80     -8.8206581e+01
90     -9.8022110e+01
100     -9.8847488e+01
110     -9.8628181e+01
120     -9.7478867e+01
130     -9.5550156e+01
140     4.4186850e+02
150     4.8578033e+02
160     5.1859808e+02
170     5.5109485e+02
180     5.9781207e+02
