-0.099	
+0.305	
-0.271	
-0.149	
-0.051	
-0.233	
+0.136	
+0.014	
+0.262	
-0.325	
+0.094	
-0.203	
-0.284 	
+0.222	
+0.0328	
+0.0338	
+0.0337	
+0.1097	
-0.0113	
-0.0113	
-0.0153	
-0.0143	
-0.0143	
+0.0357	
-0.0253	
-0.0253	
-0.2413	
+0.0947	
+0.0947	
+0.0177	
+0.0947	
+0.0947	
-0.3783	
+0.0097	
+0.0947	
+0.0947	
+0.0137	
+0.0947	
+0.0947	
-0.3783	
+0.0137	
+0.0947	
+0.0947	
+0.0067	
+0.0947	
+0.0947	
-0.3783	
-0.0443	
+0.0947	
+0.0947	
+0.0947	
+0.2147 
-0.0383 
-0.0383 
+0.0777 
-0.0193 
-0.0193 
-0.0053 
-0.0223 
-0.0223 
+0.0837 
-0.0373 
-0.0373 
-0.2413 
+0.0947 
+0.0947 
+0.0177 
+0.0947 
+0.0947 
-0.3783 
+0.0097 
+0.0947 
+0.0947 
+0.0137 
+0.0947 
+0.0947 
-0.3783 
+0.0137 
+0.0947 
+0.0947 
+0.0067 
+0.0947 
+0.0947 
-0.3783 
-0.0443 
+0.0947 
+0.0947 
+0.0947         
+0.194	
-0.004	
+0.233	
-0.347	
+0.119	
-0.198	
-0.208	
+0.211	
-0.004	
+0.233	
-0.347	
+0.119	
-0.198	
-0.208 	
+0.211	
+0.0655	
+0.0095	
+0.0095	
+0.1175	
-0.0125	
-0.0125	
-0.0435	
-0.0005	
-0.0005	
+0.0215	
-0.0195	
-0.0195	
-0.2406	
+0.0954	
+0.0954	
+0.0184	
+0.0954	
+0.0954	
-0.3776	
+0.0104	
+0.0954	
+0.0954	
+0.0144	
+0.0954	
+0.0954	
-0.3776	
+0.0144	
+0.0954	
+0.0954	
+0.0074	
+0.0954	
+0.0954	
-0.3776	
-0.0436	
+0.0954	
+0.0954	
+0.0954	
+0.0655	
+0.0095	
+0.0095	
+0.1175	
-0.0125	
-0.0125	
-0.0435	
-0.0005	
-0.0005	
+0.0215	
-0.0195	
-0.0195	
-0.2406	
+0.0954	
+0.0954	
+0.0184	
+0.0954	
+0.0954	
-0.3776	
+0.0104	
+0.0954	
+0.0954	
+0.0144	
+0.0954	
+0.0954	
-0.3776	
+0.0144	
+0.0954	
+0.0954	
+0.0074	
+0.0954	
+0.0954	
-0.3776	
-0.0436	
+0.0954	
+0.0954	
+0.0954	
+0.014	
+0.262	
-0.325	
+0.094	
-0.203	
-0.284	
+0.222	
-0.099 	
+0.305 	
-0.271	
-0.149	
-0.051	
-0.233 	
+0.136	
+0.2147 
-0.0383 
-0.0383 
+0.0777 
-0.0193 
-0.0193 
-0.0053 
-0.0223 
-0.0223 
+0.0837 
-0.0373 
-0.0373 
-0.2413 
+0.0947 
+0.0947 
+0.0177 
+0.0947 
+0.0947 
-0.3783 
+0.0097 
+0.0947 
+0.0947 
+0.0137 
+0.0947 
+0.0947 
-0.3783 
+0.0137 
+0.0947 
+0.0947 
+0.0067 
+0.0947 
+0.0947 
-0.3783 
-0.0443 
+0.0947 
+0.0947 
+0.0947 
+0.0328	
+0.0338	
+0.0337	
+0.1097	
-0.0113	
-0.0113	
-0.0153	
-0.0143	
-0.0143	
+0.0357	
-0.0253	
-0.0253	
-0.2413	
+0.0947	
+0.0947	
+0.0177	
+0.0947	
+0.0947	
-0.3783	
+0.0097	
+0.0947	
+0.0947	
+0.0137	
+0.0947	
+0.0947	
-0.3783	
+0.0137	
+0.0947	
+0.0947	
+0.0067	
+0.0947	
+0.0947	
-0.3783	
-0.0443	
+0.0947	
+0.0947	
+0.0947	
+0.194	
