-0.099	
+0.305	
-0.271	
-0.149	
-0.051	
-0.233	
+0.136	
+0.014	
+0.262	
-0.325	
+0.094	
-0.203	
-0.284 	
+0.222	
+0.031	
+0.032	
+0.032	
+0.108	
-0.013	
-0.013	
-0.243	
+0.093	
+0.093	
+0.016	
+0.093	
+0.093	
-0.380	
+0.008	
+0.093	
+0.093	
+0.012	
+0.093	
+0.093	
-0.380	
+0.012	
+0.093	
+0.093	
+0.005	
+0.093	
+0.093	
-0.380	
-0.046	
+0.093	
+0.093	
+0.093	
+0.213	
-0.040	
-0.040	
+0.076	
-0.021	
-0.021	
-0.243	
+0.093	
+0.093	
+0.016	
+0.093	
+0.093	
-0.380	
+0.008	
+0.093	
+0.093	
+0.012	
+0.093	
+0.093	
-0.380	
+0.012	
+0.093	
+0.093	
+0.005	
+0.093	
+0.093	
-0.380	
-0.046	
+0.093	
+0.093	
+0.093	
+0.200	
-0.004	
+0.233	
-0.347	
+0.119	
-0.198	
-0.208	
+0.211	
-0.004	
+0.233	
-0.347	
+0.119	
-0.198	
-0.208 	
+0.211	
+0.0635	
+0.0075	
+0.0075	
+0.1155	
-0.0145	
-0.0145	
-0.2426	
+0.0934	
+0.0934	
+0.0164	
+0.0934	
+0.0934	
-0.3796	
+0.0084	
+0.0934	
+0.0934	
+0.0124	
+0.0934	
+0.0934	
-0.3796	
+0.0124	
+0.0934	
+0.0934	
+0.0054	
+0.0934	
+0.0934	
-0.3796	
-0.0456	
+0.0934	
+0.0934	
+0.0934	
+0.0635	
+0.0075	
+0.0075	
+0.1155	
-0.0145	
-0.0145	
-0.2426	
+0.0934	
+0.0934	
+0.0164	
+0.0934	
+0.0934	
-0.3796	
+0.0084	
+0.0934	
+0.0934	
+0.0124	
+0.0934	
+0.0934	
-0.3796	
+0.0124	
+0.0934	
+0.0934	
+0.0054	
+0.0934	
+0.0934	
-0.3796	
-0.0456	
+0.0934	
+0.0934	
+0.0934	
+0.014	
+0.262	
-0.325	
+0.094	
-0.203	
-0.284	
+0.222	
-0.099 	
+0.305 	
-0.271	
-0.149	
-0.051	
-0.233 	
+0.136	
+0.213	
-0.040	
-0.040	
+0.076	
-0.021	
-0.021	
-0.243	
+0.093	
+0.093	
+0.016	
+0.093	
+0.093	
-0.380	
+0.008	
+0.093	
+0.093	
+0.012	
+0.093	
+0.093	
-0.380	
+0.012	
+0.093	
+0.093	
+0.005	
+0.093	
+0.093	
-0.380	
-0.046	
+0.093	
+0.093	
+0.093	
+0.031	
+0.032	
+0.032	
+0.108	
-0.013	
-0.013	
-0.243	
+0.093	
+0.093	
+0.016	
+0.093	
+0.093	
-0.380	
+0.008	
+0.093	
+0.093	
+0.012	
+0.093	
+0.093	
-0.380	
+0.012	
+0.093	
+0.093	
+0.005	
+0.093	
+0.093	
-0.380	
-0.046	
+0.093	
+0.093	
+0.093	
+0.200	
