-0.099	
+0.305	
-0.271	
-0.149	
-0.051	
-0.233	
+0.136	
+0.014	
+0.262	
-0.325	
+0.094	
-0.203	
-0.284 	
+0.222	
+0.033	
+0.034	
+0.034	
-0.241	
+0.095	
+0.095	
+0.018	
+0.095	
+0.095	
-0.378	
+0.010	
+0.095	
+0.095	
+0.014	
+0.095	
+0.095	
-0.378	
+0.014	
+0.095	
+0.095	
+0.007	
+0.095	
+0.095	
-0.378	
-0.044	
+0.095	
+0.095	
+0.095	
+0.215	
-0.038	
-0.038	
-0.241	
+0.095	
+0.095	
+0.018	
+0.095	
+0.095	
-0.378	
+0.010	
+0.095	
+0.095	
+0.014	
+0.095	
+0.095	
-0.378	
+0.014	
+0.095	
+0.095	
+0.007	
+0.095	
+0.095	
-0.378	
-0.044	
+0.095	
+0.095	
+0.095	
+0.204	
-0.004	
+0.233	
-0.347	
+0.119	
-0.198	
-0.208	
+0.211	
-0.004	
+0.233	
-0.347	
+0.119	
-0.198	
-0.208 	
+0.211	
+0.0665	
+0.0105	
+0.0105	
-0.2395	
+0.0965	
+0.0965	
+0.0195	
+0.0965	
+0.0965	
-0.3765	
+0.0115	
+0.0965	
+0.0965	
+0.0155	
+0.0965	
+0.0965	
-0.3765	
+0.0155	
+0.0965	
+0.0965	
+0.0085	
+0.0965	
+0.0965	
-0.3765	
-0.0425	
+0.0965	
+0.0965	
+0.0965	
+0.0665	
+0.0105	
+0.0105	
-0.2395	
+0.0965	
+0.0965	
+0.0195	
+0.0965	
+0.0965	
-0.3765	
+0.0115	
+0.0965	
+0.0965	
+0.0155	
+0.0965	
+0.0965	
-0.3765	
+0.0155	
+0.0965	
+0.0965	
+0.0085	
+0.0965	
+0.0965	
-0.3765	
-0.0425	
+0.0965	
+0.0965	
+0.0965	
+0.014	
+0.262	
-0.325	
+0.094	
-0.203	
-0.284	
+0.222	
-0.099 	
+0.305 	
-0.271	
-0.149	
-0.051	
-0.233 	
+0.136	
+0.215	
-0.038	
-0.038	
-0.241	
+0.095	
+0.095	
+0.018	
+0.095	
+0.095	
-0.378	
+0.010	
+0.095	
+0.095	
+0.014	
+0.095	
+0.095	
-0.378	
+0.014	
+0.095	
+0.095	
+0.007	
+0.095	
+0.095	
-0.378	
-0.044	
+0.095	
+0.095	
+0.095	
+0.033	
+0.034	
+0.034	
-0.241	
+0.095	
+0.095	
+0.018	
+0.095	
+0.095	
-0.378	
+0.010	
+0.095	
+0.095	
+0.014	
+0.095	
+0.095	
-0.378	
+0.014	
+0.095	
+0.095	
+0.007	
+0.095	
+0.095	
-0.378	
-0.044	
+0.095	
+0.095	
+0.095	        
+0.204	
