-0.099	
+0.305	
-0.271	
-0.149	
-0.051	
-0.233	
+0.136	
+0.014	
+0.262	
-0.325	
+0.094	
-0.203	
-0.284 	
+0.222	
+0.0329	
+0.0339	
+0.0339	
+0.1099	
-0.0111	
-0.0111	
-0.0151	
-0.0141	
-0.0141	
-0.2411	
+0.0949	
+0.0949	
+0.0179	
+0.0949	
+0.0949	
-0.3781	
+0.0099	
+0.0949	
+0.0949	
+0.0139	
+0.0949	
+0.0949	
-0.3781	
+0.0139	
+0.0949	
+0.0949	
+0.0069	
+0.0949	
+0.0949	
-0.3781	
-0.0441	
+0.0949	
+0.0949	
+0.0949	
+0.2149	
-0.0381	
-0.0381	
+0.0779	
-0.0191	
-0.0191	
-0.0051	
-0.0221	
-0.0221	
-0.2411	
+0.0949	
+0.0949	
+0.0179	
+0.0949	
+0.0949	
-0.3781	
+0.0099	
+0.0949	
+0.0949	
+0.0139	
+0.0949	
+0.0949	
-0.3781	
+0.0139	
+0.0949	
+0.0949	
+0.0069	
+0.0949	
+0.0949	
-0.3781	
-0.0441	
+0.0949	
+0.0949	
+0.0949	
+0.1748	
-0.004	
+0.233	
-0.347	
+0.119	
-0.198	
-0.208	
+0.211	
-0.004	
+0.233	
-0.347	
+0.119	
-0.198	
-0.208 	
+0.211	
+0.064	
+0.008	
+0.008	
+0.117	
-0.013	
-0.013	
-0.044	
-0.001	
-0.001	
-0.241	
+0.095	
+0.095	
+0.018	
+0.095	
+0.095	
-0.378	
+0.010	
+0.095	
+0.095	
+0.014	
+0.095	
+0.095	
-0.378	
+0.014	
+0.095	
+0.095	
+0.007	
+0.095	
+0.095	
-0.378	
-0.044	
+0.095	
+0.095	
+0.095	
+0.064	
+0.008	
+0.008	
+0.117	
-0.013	
-0.013	
-0.044	
-0.001	
-0.001	
-0.241	
+0.095	
+0.095	
+0.018	
+0.095	
+0.095	
-0.378	
+0.010	
+0.095	
+0.095	
+0.014	
+0.095	
+0.095	
-0.378	
+0.014	
+0.095	
+0.095	
+0.007	
+0.095	
+0.095	
-0.378	
-0.044	
+0.095	
+0.095	
+0.095	
+0.014	
+0.262	
-0.325	
+0.094	
-0.203	
-0.284	
+0.222	
-0.099 	
+0.305 	
-0.271	
-0.149	
-0.051	
-0.233 	
+0.136	
+0.2149	
-0.0381	
-0.0381	
+0.0779	
-0.0191	
-0.0191	
-0.0051	
-0.0221	
-0.0221	
-0.2411	
+0.0949	
+0.0949	
+0.0179	
+0.0949	
+0.0949	
-0.3781	
+0.0099	
+0.0949	
+0.0949	
+0.0139	
+0.0949	
+0.0949	
-0.3781	
+0.0139	
+0.0949	
+0.0949	
+0.0069	
+0.0949	
+0.0949	
-0.3781	
-0.0441	
+0.0949	
+0.0949	
+0.0949	
+0.0329	
+0.0339	
+0.0339	
+0.1099	
-0.0111	
-0.0111	
-0.0151	
-0.0141	
-0.0141	
-0.2411	
+0.0949	
+0.0949	
+0.0179	
+0.0949	
+0.0949	
-0.3781	
+0.0099	
+0.0949	
+0.0949	
+0.0139	
+0.0949	
+0.0949	
-0.3781	
+0.0139	
+0.0949	
+0.0949	
+0.0069	
+0.0949	
+0.0949	
-0.3781	
-0.0441	
+0.0949	
+0.0949	
+0.0949	
+0.1748	
