[PeltierCCS 1]
	Time [s]	Tcold	Thot	Aout	CoolTime	Tset	Power
Tue May 09 08:23:11 2017	 -39.97	  17.44	  42.55	        0	 -40.00	        0
Tue May 09 08:23:22 2017	 -39.97	  17.44	  42.55	        0	 -40.00	        0
Tue May 09 08:23:32 2017	 -39.98	  17.47	  42.49	        0	 -40.00	        0
Tue May 09 08:23:43 2017	 -39.99	  17.47	  42.36	        0	 -40.00	        0
Tue May 09 08:23:54 2017	 -40.01	  17.50	  42.24	        0	 -40.00	        0
Tue May 09 08:24:04 2017	 -40.01	  17.50	  42.16	        0	 -40.00	        0
Tue May 09 08:24:15 2017	 -40.02	  17.53	  42.10	        0	 -40.00	        0
Tue May 09 08:24:25 2017	 -40.01	  17.53	  42.13	        0	 -40.00	        0
Tue May 09 08:24:36 2017	 -40.02	  17.53	  41.97	        0	 -40.00	        0
Tue May 09 08:24:47 2017	 -40.02	  17.56	  41.99	        0	 -40.00	        0
Tue May 09 08:24:57 2017	 -40.01	  17.59	  42.08	        0	 -40.00	        0
Tue May 09 08:25:08 2017	 -40.02	  17.59	  41.96	        0	 -40.00	        0
Tue May 09 08:25:19 2017	 -40.01	  17.62	  42.06	        0	 -40.00	        0
Tue May 09 08:25:29 2017	 -40.01	  17.62	  42.05	        0	 -40.00	        0
Tue May 09 08:25:40 2017	 -40.00	  17.65	  42.07	        0	 -40.00	        0
Tue May 09 08:25:51 2017	 -40.00	  17.65	  42.10	        0	 -40.00	        0
Tue May 09 08:26:01 2017	 -39.99	  17.67	  42.23	        0	 -40.00	        0
Tue May 09 08:26:12 2017	 -39.98	  17.70	  42.37	        0	 -40.00	        0
Tue May 09 08:26:22 2017	 -39.98	  17.70	  42.37	        0	 -40.00	        0
Tue May 09 08:26:33 2017	 -39.99	  17.73	  42.29	        0	 -40.00	        0
Tue May 09 08:26:44 2017	 -40.01	  17.76	  42.15	        0	 -40.00	        0
Tue May 09 08:26:54 2017	 -40.00	  17.76	  42.17	        0	 -40.00	        0
Tue May 09 08:27:05 2017	 -39.99	  17.76	  42.34	        0	 -40.00	        0
Tue May 09 08:27:16 2017	 -40.00	  17.82	  42.26	        0	 -40.00	        0
Tue May 09 08:27:26 2017	 -39.98	  17.82	  42.45	        0	 -40.00	        0
Tue May 09 08:27:37 2017	 -39.98	  17.85	  42.48	        0	 -40.00	        0
Tue May 09 08:27:47 2017	 -39.98	  17.85	  42.51	        0	 -40.00	        0
Tue May 09 08:27:58 2017	 -39.98	  17.88	  42.53	        0	 -40.00	        0
Tue May 09 08:28:09 2017	 -39.98	  17.88	  42.58	        0	 -40.00	        0
Tue May 09 08:28:19 2017	 -39.99	  17.90	  42.55	        0	 -40.00	        0
Tue May 09 08:28:30 2017	 -39.98	  17.93	  42.63	        0	 -40.00	        0
Tue May 09 08:28:41 2017	 -39.98	  17.96	  42.73	        0	 -40.00	        0
Tue May 09 08:28:51 2017	 -39.98	  17.96	  42.77	        0	 -40.00	        0
Tue May 09 08:29:02 2017	 -39.98	  17.99	  42.81	        0	 -40.00	        0
Tue May 09 08:29:13 2017	 -39.98	  17.99	  42.79	        0	 -40.00	        0
Tue May 09 08:29:23 2017	 -39.99	  18.02	  42.78	        0	 -40.00	        0
Tue May 09 08:29:34 2017	 -40.00	  18.02	  42.69	        0	 -40.00	        0
Tue May 09 08:29:44 2017	 -40.01	  18.05	  42.60	        0	 -40.00	        0
Tue May 09 08:29:55 2017	 -40.00	  18.05	  42.61	        0	 -40.00	        0
Tue May 09 08:30:06 2017	 -40.00	  18.08	  42.62	        0	 -40.00	        0
Tue May 09 08:30:17 2017	 -40.00	  18.11	  42.61	        0	 -40.00	        0
Tue May 09 08:30:27 2017	 -40.01	  18.11	  42.58	        0	 -40.00	        0
Tue May 09 08:30:38 2017	 -39.99	  18.13	  42.70	        0	 -40.00	        0
Tue May 09 08:30:49 2017	 -39.99	  18.13	  42.80	        0	 -40.00	        0
Tue May 09 08:30:59 2017	 -39.98	  18.16	  42.91	        0	 -40.00	        0
Tue May 09 08:31:10 2017	 -39.98	  18.16	  42.92	        0	 -40.00	        0
Tue May 09 08:31:20 2017	 -39.99	  18.19	  42.91	        0	 -40.00	        0
Tue May 09 08:31:31 2017	 -39.98	  18.19	  42.96	        0	 -40.00	        0
Tue May 09 08:31:42 2017	 -39.98	  18.22	  43.01	        0	 -40.00	        0
Tue May 09 08:31:52 2017	 -39.98	  18.25	  43.02	        0	 -40.00	        0
Tue May 09 08:32:03 2017	 -39.99	  18.25	  42.96	        0	 -40.00	        0
Tue May 09 08:32:14 2017	 -39.99	  18.28	  43.01	        0	 -40.00	        0
Tue May 09 08:32:24 2017	 -39.99	  18.28	  43.04	        0	 -40.00	        0
Tue May 09 08:32:35 2017	 -39.97	  18.31	  43.20	        0	 -40.00	        0
Tue May 09 08:32:46 2017	 -39.98	  18.34	  43.21	        0	 -40.00	        0
Tue May 09 08:32:56 2017	 -39.98	  18.34	  43.25	        0	 -40.00	        0
Tue May 09 08:33:07 2017	 -39.98	  18.36	  43.29	        0	 -40.00	        0
Tue May 09 08:33:18 2017	 -39.99	  18.36	  43.22	        0	 -40.00	        0
Tue May 09 08:33:28 2017	 -39.98	  18.39	  43.28	        0	 -40.00	        0
Tue May 09 08:33:39 2017	 -39.99	  18.42	  43.19	        0	 -40.00	        0
Tue May 09 08:33:49 2017	 -40.00	  18.42	  43.10	        0	 -40.00	        0
Tue May 09 08:34:00 2017	 -40.00	  18.45	  43.11	        0	 -40.00	        0
Tue May 09 08:34:11 2017	 -39.99	  18.45	  43.22	        0	 -40.00	        0
Tue May 09 08:34:21 2017	 -40.00	  18.48	  43.18	        0	 -40.00	        0
Tue May 09 08:34:32 2017	 -39.99	  18.48	  43.21	        0	 -40.00	        0
Tue May 09 08:34:43 2017	 -40.00	  18.51	  43.13	        0	 -40.00	        0
Tue May 09 08:34:53 2017	 -40.00	  18.54	  43.10	        0	 -40.00	        0
Tue May 09 08:35:04 2017	 -40.00	  18.54	  43.16	        0	 -40.00	        0
Tue May 09 08:35:15 2017	 -39.99	  18.57	  43.28	        0	 -40.00	        0
Tue May 09 08:35:25 2017	 -39.98	  18.57	  43.41	        0	 -40.00	        0
Tue May 09 08:35:36 2017	 -39.98	  18.60	  43.45	        0	 -40.00	        0
Tue May 09 08:35:46 2017	 -39.98	  18.60	  43.47	        0	 -40.00	        0
Tue May 09 08:35:57 2017	 -39.98	  18.62	  43.53	        0	 -40.00	        0
Tue May 09 08:36:08 2017	 -39.98	  18.65	  43.57	        0	 -40.00	        0
Tue May 09 08:36:18 2017	 -39.98	  18.65	  43.61	        0	 -40.00	        0
Tue May 09 08:36:29 2017	 -39.98	  18.68	  43.61	        0	 -40.00	        0
Tue May 09 08:36:40 2017	 -39.98	  18.68	  43.61	        0	 -40.00	        0
Tue May 09 08:36:50 2017	 -39.99	  18.71	  43.59	        0	 -40.00	        0
Tue May 09 08:37:01 2017	 -40.00	  18.71	  43.48	        0	 -40.00	        0
Tue May 09 08:37:11 2017	 -40.00	  18.74	  43.45	        0	 -40.00	        0
Tue May 09 08:37:22 2017	 -40.00	  18.77	  43.52	        0	 -40.00	        0
Tue May 09 08:37:33 2017	 -40.00	  18.77	  43.48	        0	 -40.00	        0
Tue May 09 08:37:43 2017	 -40.00	  18.80	  43.54	        0	 -40.00	        0
Tue May 09 08:37:54 2017	 -40.00	  18.80	  43.52	        0	 -40.00	        0
Tue May 09 08:38:05 2017	 -39.98	  18.83	  43.72	        0	 -40.00	        0
Tue May 09 08:38:15 2017	 -39.98	  18.83	  43.75	        0	 -40.00	        0
Tue May 09 08:38:26 2017	 -39.98	  18.85	  43.74	        0	 -40.00	        0
Tue May 09 08:38:37 2017	 -39.99	  18.85	  43.70	        0	 -40.00	        0
Tue May 09 08:38:47 2017	 -39.99	  18.88	  43.68	        0	 -40.00	        0
Tue May 09 08:38:58 2017	 -39.98	  18.91	  43.79	        0	 -40.00	        0
Tue May 09 08:39:08 2017	 -39.98	  18.94	  43.88	        0	 -40.00	        0
Tue May 09 08:39:19 2017	 -39.98	  18.94	  43.86	        0	 -40.00	        0
Tue May 09 08:39:30 2017	 -39.99	  18.94	  43.84	        0	 -40.00	        0
Tue May 09 08:39:40 2017	 -39.99	  18.97	  43.89	        0	 -40.00	        0
Tue May 09 08:39:51 2017	 -40.00	  18.97	  43.79	        0	 -40.00	        0
Tue May 09 08:40:02 2017	 -40.00	  19.00	  43.80	        0	 -40.00	        0
Tue May 09 08:40:12 2017	 -40.00	  19.03	  43.81	        0	 -40.00	        0
Tue May 09 08:40:23 2017	 -40.00	  19.03	  43.74	        0	 -40.00	        0
Tue May 09 08:40:34 2017	 -40.01	  19.06	  43.71	        0	 -40.00	        0
Tue May 09 08:40:44 2017	 -40.00	  19.06	  43.80	        0	 -40.00	        0
Tue May 09 08:40:55 2017	 -39.99	  19.06	  43.92	        0	 -40.00	        0
Tue May 09 08:41:05 2017	 -39.99	  19.08	  43.90	        0	 -40.00	        0
Tue May 09 08:41:16 2017	 -39.98	  19.11	  44.04	        0	 -40.00	        0
Tue May 09 08:41:27 2017	 -39.98	  19.14	  44.07	        0	 -40.00	        0
Tue May 09 08:41:37 2017	 -39.98	  19.14	  44.14	        0	 -40.00	        0
Tue May 09 08:41:48 2017	 -39.98	  19.17	  44.18	        0	 -40.00	        0
Tue May 09 08:41:59 2017	 -39.98	  19.17	  44.21	        0	 -40.00	        0
Tue May 09 08:42:09 2017	 -39.98	  19.20	  44.20	        0	 -40.00	        0
Tue May 09 08:42:20 2017	 -39.99	  19.20	  44.12	        0	 -40.00	        0
Tue May 09 08:42:31 2017	 -40.00	  19.23	  44.09	        0	 -40.00	        0
Tue May 09 08:42:41 2017	 -40.00	  19.23	  44.03	        0	 -40.00	        0
Tue May 09 08:42:52 2017	 -39.98	  19.26	  44.24	        0	 -40.00	        0
Tue May 09 08:43:02 2017	 -39.99	  19.26	  44.23	        0	 -40.00	        0
Tue May 09 08:43:13 2017	 -39.98	  19.29	  44.35	        0	 -40.00	        0
Tue May 09 08:43:24 2017	 -39.98	  19.29	  44.38	        0	 -40.00	        0
Tue May 09 08:43:34 2017	 -39.98	  19.31	  44.35	        0	 -40.00	        0
Tue May 09 08:43:45 2017	 -40.00	  19.34	  44.24	        0	 -40.00	        0
Tue May 09 08:43:56 2017	 -39.99	  19.34	  44.29	        0	 -40.00	        0
Tue May 09 08:44:06 2017	 -39.99	  19.37	  44.35	        0	 -40.00	        0
Tue May 09 08:44:17 2017	 -39.99	  19.37	  44.35	        0	 -40.00	        0
Tue May 09 08:44:28 2017	 -39.98	  19.40	  44.45	        0	 -40.00	        0
Tue May 09 08:44:38 2017	 -39.99	  19.40	  44.42	        0	 -40.00	        0
Tue May 09 08:44:49 2017	 -39.99	  19.43	  44.45	        0	 -40.00	        0
Tue May 09 08:44:59 2017	 -39.99	  19.43	  44.40	        0	 -40.00	        0
Tue May 09 08:45:10 2017	 -39.99	  19.46	  44.44	        0	 -40.00	        0
Tue May 09 08:45:21 2017	 -39.99	  19.46	  44.50	        0	 -40.00	        0
Tue May 09 08:45:31 2017	 -39.99	  19.49	  44.54	        0	 -40.00	        0
Tue May 09 08:45:42 2017	 -40.00	  19.49	  44.46	        0	 -40.00	        0
Tue May 09 08:45:53 2017	 -39.99	  19.52	  44.48	        0	 -40.00	        0
Tue May 09 08:46:03 2017	 -39.99	  19.55	  44.57	        0	 -40.00	        0
Tue May 09 08:46:14 2017	 -39.98	  19.55	  44.71	        0	 -40.00	        0
Tue May 09 08:46:25 2017	 -39.98	  19.57	  44.68	        0	 -40.00	        0
Tue May 09 08:46:35 2017	 -39.99	  19.60	  44.66	        0	 -40.00	        0
Tue May 09 08:46:46 2017	 -39.99	  19.60	  44.67	        0	 -40.00	        0
Tue May 09 08:46:56 2017	 -39.99	  19.63	  44.72	        0	 -40.00	        0
Tue May 09 08:47:07 2017	 -39.98	  19.63	  44.83	        0	 -40.00	        0
Tue May 09 08:47:18 2017	 -39.99	  19.63	  44.79	        0	 -40.00	        0
Tue May 09 08:47:28 2017	 -39.99	  19.66	  44.79	        0	 -40.00	        0
Tue May 09 08:47:39 2017	 -40.00	  19.69	  44.71	        0	 -40.00	        0
Tue May 09 08:47:50 2017	 -39.99	  19.69	  44.73	        0	 -40.00	        0
Tue May 09 08:48:00 2017	 -40.00	  19.72	  44.72	        0	 -40.00	        0
Tue May 09 08:48:11 2017	 -40.00	  19.75	  44.73	        0	 -40.00	        0
Tue May 09 08:48:22 2017	 -40.00	  19.75	  44.71	        0	 -40.00	        0
Tue May 09 08:48:32 2017	 -39.98	  19.78	  44.88	        0	 -40.00	        0
Tue May 09 08:48:43 2017	 -39.97	  19.78	  45.03	        0	 -40.00	        0
Tue May 09 08:48:53 2017	 -39.98	  19.78	  45.03	        0	 -40.00	        0
Tue May 09 08:49:04 2017	 -39.98	  19.80	  45.08	        0	 -40.00	        0
Tue May 09 08:49:15 2017	 -39.98	  19.83	  45.08	        0	 -40.00	        0
Tue May 09 08:49:25 2017	 -39.98	  19.80	  45.15	        0	 -40.00	        0
Tue May 09 08:49:36 2017	 -39.99	  19.75	  45.06	        0	 -40.00	        0
Tue May 09 08:49:47 2017	 -39.99	  19.69	  45.03	        0	 -40.00	        0
Tue May 09 08:49:57 2017	 -40.01	  19.63	  44.91	        0	 -40.00	        0
Tue May 09 08:50:08 2017	 -40.01	  19.57	  44.90	        0	 -40.00	        0
Tue May 09 08:50:19 2017	 -40.01	  19.52	  44.89	        0	 -40.00	        0
Tue May 09 08:50:29 2017	 -40.01	  19.46	  44.80	        0	 -40.00	        0
Tue May 09 08:50:40 2017	 -40.02	  19.40	  44.72	        0	 -40.00	        0
Tue May 09 08:50:50 2017	 -40.01	  19.34	  44.75	        0	 -40.00	        0
Tue May 09 08:51:01 2017	 -40.03	  19.29	  44.52	        0	 -40.00	        0
Tue May 09 08:51:12 2017	 -40.02	  19.23	  44.53	        0	 -40.00	        0
Tue May 09 08:51:22 2017	 -40.03	  19.14	  44.38	        0	 -40.00	        0
Tue May 09 08:51:33 2017	 -40.03	  19.08	  44.32	        0	 -40.00	        0
Tue May 09 08:51:44 2017	 -40.03	  19.03	  44.26	        0	 -40.00	        0
Tue May 09 08:51:54 2017	 -40.04	  18.94	  44.16	        0	 -40.00	        0
Tue May 09 08:52:05 2017	 -40.03	  18.88	  44.13	        0	 -40.00	        0
Tue May 09 08:52:16 2017	 -40.05	  18.74	  43.88	        0	 -40.00	        0
Tue May 09 08:52:26 2017	 -40.05	  18.74	  43.88	        0	 -40.00	        0
Tue May 09 08:52:37 2017	 -40.05	  18.68	  43.77	        0	 -40.00	        0
Tue May 09 08:52:48 2017	 -40.05	  18.62	  43.63	        0	 -40.00	        0
Tue May 09 08:52:58 2017	 -40.05	  18.54	  43.59	        0	 -40.00	        0
Tue May 09 08:53:09 2017	 -40.06	  18.48	  43.34	        0	 -40.00	        0
Tue May 09 08:53:19 2017	 -40.05	  18.39	  43.37	        0	 -40.00	        0
Tue May 09 08:53:30 2017	 -40.06	  18.34	  43.13	        0	 -40.00	        0
Tue May 09 08:53:41 2017	 -40.06	  18.28	  43.02	        0	 -40.00	        0
Tue May 09 08:53:51 2017	 -40.06	  18.22	  42.90	        0	 -40.00	        0
Tue May 09 08:54:02 2017	 -40.04	  18.13	  43.00	        0	 -40.00	        0
Tue May 09 08:54:13 2017	 -40.05	  18.08	  42.84	        0	 -40.00	        0
Tue May 09 08:54:23 2017	 -40.04	  18.02	  42.84	        0	 -40.00	        0
Tue May 09 08:54:34 2017	 -40.04	  17.96	  42.77	        0	 -40.00	        0
Tue May 09 08:54:45 2017	 -40.03	  17.90	  42.78	        0	 -40.00	        0
Tue May 09 08:54:55 2017	 -40.05	  17.82	  42.58	        0	 -40.00	        0
Tue May 09 08:55:06 2017	 -40.05	  17.76	  42.46	        0	 -40.00	        0
Tue May 09 08:55:17 2017	 -40.03	  17.70	  42.54	        0	 -40.00	        0
Tue May 09 08:55:27 2017	 -40.03	  17.65	  42.48	        0	 -40.00	        0
Tue May 09 08:55:38 2017	 -40.03	  17.59	  42.42	        0	 -40.00	        0
Tue May 09 08:55:49 2017	 -40.03	  17.53	  42.37	        0	 -40.00	        0
Tue May 09 08:55:59 2017	 -40.04	  17.44	  42.29	        0	 -40.00	        0
Tue May 09 08:56:10 2017	 -40.03	  17.39	  42.24	        0	 -40.00	        0
Tue May 09 08:56:21 2017	 -40.04	  17.33	  42.16	        0	 -40.00	        0
Tue May 09 08:56:31 2017	 -40.06	  17.27	  41.86	        0	 -40.00	        0
Tue May 09 08:56:42 2017	 -40.05	  17.18	  41.81	        0	 -40.00	        0
Tue May 09 08:56:53 2017	 -40.06	  17.13	  41.61	        0	 -40.00	        0
Tue May 09 08:57:03 2017	 -40.04	  17.07	  41.69	        0	 -40.00	        0
Tue May 09 08:57:14 2017	 -40.05	  17.04	  41.56	        0	 -40.00	        0
Tue May 09 08:57:24 2017	 -40.04	  17.01	  41.53	        0	 -40.00	        0
Tue May 09 08:57:35 2017	 -40.05	  17.01	  41.37	        0	 -40.00	        0
Tue May 09 08:57:46 2017	 -40.04	  17.04	  41.43	        0	 -40.00	        0
Tue May 09 08:57:56 2017	 -40.04	  17.10	  41.28	        0	 -40.00	        0
Tue May 09 08:58:07 2017	 -40.04	  17.10	  41.28	        0	 -40.00	        0
Tue May 09 08:58:18 2017	 -40.03	  17.10	  41.24	        0	 -40.00	        0
Tue May 09 08:58:28 2017	 -40.03	  17.13	  41.18	        0	 -40.00	        0
Tue May 09 08:58:39 2017	 -40.02	  17.16	  41.25	        0	 -40.00	        0
Tue May 09 08:58:50 2017	 -40.01	  17.18	  41.34	        0	 -40.00	        0
Tue May 09 08:59:00 2017	 -40.01	  17.21	  41.38	        0	 -40.00	        0
Tue May 09 08:59:11 2017	 -40.00	  17.24	  41.45	        0	 -40.00	        0
Tue May 09 08:59:22 2017	 -40.00	  17.27	  41.48	        0	 -40.00	        0
Tue May 09 08:59:32 2017	 -39.99	  17.27	  41.60	        0	 -40.00	        0
Tue May 09 08:59:43 2017	 -39.98	  17.30	  41.72	        0	 -40.00	        0
Tue May 09 08:59:53 2017	 -39.98	  17.30	  41.76	        0	 -40.00	        0
Tue May 09 09:00:04 2017	 -39.98	  17.33	  41.81	        0	 -40.00	        0
Tue May 09 09:00:15 2017	 -39.98	  17.33	  41.85	        0	 -40.00	        0
Tue May 09 09:00:25 2017	 -39.98	  17.36	  41.84	        0	 -40.00	        0
Tue May 09 09:00:36 2017	 -39.99	  17.39	  41.80	        0	 -40.00	        0
Tue May 09 09:00:47 2017	 -40.00	  17.39	  41.74	        0	 -40.00	        0
Tue May 09 09:00:57 2017	 -39.99	  17.39	  41.83	        0	 -40.00	        0
Tue May 09 09:01:08 2017	 -39.98	  17.44	  41.92	        0	 -40.00	        0
Tue May 09 09:01:19 2017	 -39.98	  17.44	  41.93	        0	 -40.00	        0
Tue May 09 09:01:29 2017	 -39.98	  17.47	  42.02	        0	 -40.00	        0
Tue May 09 09:01:40 2017	 -39.99	  17.47	  41.89	        0	 -40.00	        0
Tue May 09 09:01:51 2017	 -39.99	  17.50	  41.90	        0	 -40.00	        0
Tue May 09 09:02:01 2017	 -39.98	  17.50	  42.08	        0	 -40.00	        0
Tue May 09 09:02:12 2017	 -39.99	  17.53	  41.99	        0	 -40.00	        0
Tue May 09 09:02:23 2017	 -39.98	  17.56	  42.15	        0	 -40.00	        0
Tue May 09 09:02:33 2017	 -39.98	  17.56	  42.11	        0	 -40.00	        0
Tue May 09 09:02:44 2017	 -39.98	  17.59	  42.19	        0	 -40.00	        0
Tue May 09 09:02:54 2017	 -39.98	  17.62	  42.17	        0	 -40.00	        0
Tue May 09 09:03:05 2017	 -39.98	  17.62	  42.21	        0	 -40.00	        0
Tue May 09 09:03:16 2017	 -39.99	  17.62	  42.13	        0	 -40.00	        0
Tue May 09 09:03:26 2017	 -40.00	  17.65	  42.04	        0	 -40.00	        0
Tue May 09 09:03:37 2017	 -39.99	  17.67	  42.12	        0	 -40.00	        0
Tue May 09 09:03:48 2017	 -40.00	  17.70	  42.05	        0	 -40.00	        0
Tue May 09 09:03:58 2017	 -39.99	  17.67	  42.13	        0	 -40.00	        0
Tue May 09 09:04:09 2017	 -39.98	  17.73	  42.32	        0	 -40.00	        0
Tue May 09 09:04:20 2017	 -39.98	  17.73	  42.34	        0	 -40.00	        0
Tue May 09 09:04:30 2017	 -39.98	  17.76	  42.36	        0	 -40.00	        0
Tue May 09 09:04:41 2017	 -39.99	  17.76	  42.29	        0	 -40.00	        0
Tue May 09 09:04:52 2017	 -40.00	  17.79	  42.22	        0	 -40.00	        0
Tue May 09 09:05:02 2017	 -39.99	  17.79	  42.27	        0	 -40.00	        0
Tue May 09 09:05:13 2017	 -39.99	  17.82	  42.29	        0	 -40.00	        0
Tue May 09 09:05:23 2017	 -39.98	  17.85	  42.40	        0	 -40.00	        0
Tue May 09 09:05:34 2017	 -39.99	  17.88	  42.42	        0	 -40.00	        0
Tue May 09 09:05:45 2017	 -39.98	  17.88	  42.48	        0	 -40.00	        0
Tue May 09 09:05:55 2017	 -39.99	  17.88	  42.46	        0	 -40.00	        0
Tue May 09 09:06:06 2017	 -39.99	  17.93	  42.51	        0	 -40.00	        0
Tue May 09 09:06:17 2017	 -39.99	  17.93	  42.51	        0	 -40.00	        0
Tue May 09 09:06:28 2017	 -39.98	  17.93	  42.63	        0	 -40.00	        0
Tue May 09 09:06:38 2017	 -39.98	  17.96	  42.63	        0	 -40.00	        0
Tue May 09 09:06:49 2017	 -39.98	  17.99	  42.70	        0	 -40.00	        0
Tue May 09 09:06:59 2017	 -39.98	  17.99	  42.75	        0	 -40.00	        0
Tue May 09 09:07:10 2017	 -39.98	  18.02	  42.77	        0	 -40.00	        0
Tue May 09 09:07:21 2017	 -39.99	  18.05	  42.67	        0	 -40.00	        0
Tue May 09 09:07:31 2017	 -40.01	  18.05	  42.54	        0	 -40.00	        0
Tue May 09 09:07:42 2017	 -40.00	  18.05	  42.56	        0	 -40.00	        0
Tue May 09 09:07:53 2017	 -39.98	  18.08	  42.81	        0	 -40.00	        0
Tue May 09 09:08:03 2017	 -39.99	  18.11	  42.76	        0	 -40.00	        0
Tue May 09 09:08:14 2017	 -39.99	  18.13	  42.79	        0	 -40.00	        0
Tue May 09 09:08:25 2017	 -40.00	  18.13	  42.67	        0	 -40.00	        0
Tue May 09 09:08:35 2017	 -40.00	  18.16	  42.66	        0	 -40.00	        0
Tue May 09 09:08:46 2017	 -39.99	  18.16	  42.76	        0	 -40.00	        0
Tue May 09 09:08:57 2017	 -39.99	  18.19	  42.80	        0	 -40.00	        0
Tue May 09 09:09:07 2017	 -39.98	  18.19	  42.96	        0	 -40.00	        0
Tue May 09 09:09:18 2017	 -39.98	  18.22	  43.00	        0	 -40.00	        0
Tue May 09 09:09:29 2017	 -39.98	  18.25	  43.04	        0	 -40.00	        0
Tue May 09 09:09:39 2017	 -39.98	  18.25	  43.08	        0	 -40.00	        0
Tue May 09 09:09:50 2017	 -39.98	  18.28	  43.10	        0	 -40.00	        0
Tue May 09 09:10:01 2017	 -40.00	  18.28	  42.96	        0	 -40.00	        0
Tue May 09 09:10:11 2017	 -39.99	  18.31	  42.98	        0	 -40.00	        0
Tue May 09 09:10:22 2017	 -39.99	  18.34	  43.02	        0	 -40.00	        0
Tue May 09 09:10:32 2017	 -39.99	  18.34	  43.10	        0	 -40.00	        0
Tue May 09 09:10:43 2017	 -39.99	  18.34	  43.11	        0	 -40.00	        0
Tue May 09 09:10:54 2017	 -39.98	  18.36	  43.22	        0	 -40.00	        0
Tue May 09 09:11:04 2017	 -39.98	  18.39	  43.21	        0	 -40.00	        0
Tue May 09 09:11:15 2017	 -39.99	  18.39	  43.19	        0	 -40.00	        0
Tue May 09 09:11:26 2017	 -40.00	  18.42	  43.12	        0	 -40.00	        0
Tue May 09 09:11:36 2017	 -40.01	  18.45	  43.03	        0	 -40.00	        0
Tue May 09 09:11:47 2017	 -39.99	  18.45	  43.15	        0	 -40.00	        0
Tue May 09 09:11:58 2017	 -39.99	  18.48	  43.19	        0	 -40.00	        0
Tue May 09 09:12:08 2017	 -39.98	  18.48	  43.27	        0	 -40.00	        0
Tue May 09 09:12:19 2017	 -39.98	  18.51	  43.34	        0	 -40.00	        0
Tue May 09 09:12:30 2017	 -39.98	  18.51	  43.39	        0	 -40.00	        0
Tue May 09 09:12:40 2017	 -40.00	  18.54	  43.23	        0	 -40.00	        0
Tue May 09 09:12:51 2017	 -39.98	  18.54	  43.41	        0	 -40.00	        0
Tue May 09 09:13:01 2017	 -39.98	  18.57	  43.41	        0	 -40.00	        0
Tue May 09 09:13:12 2017	 -39.98	  18.60	  43.43	        0	 -40.00	        0
Tue May 09 09:13:23 2017	 -39.98	  18.60	  43.49	        0	 -40.00	        0
Tue May 09 09:13:33 2017	 -40.00	  18.62	  43.33	        0	 -40.00	        0
Tue May 09 09:13:44 2017	 -39.99	  18.62	  43.41	        0	 -40.00	        0
Tue May 09 09:13:55 2017	 -39.98	  18.65	  43.52	        0	 -40.00	        0
Tue May 09 09:14:05 2017	 -39.99	  18.68	  43.53	        0	 -40.00	        0
Tue May 09 09:14:16 2017	 -39.98	  18.68	  43.59	        0	 -40.00	        0
Tue May 09 09:14:27 2017	 -39.98	  18.71	  43.68	        0	 -40.00	        0
Tue May 09 09:14:37 2017	 -39.98	  18.74	  43.70	        0	 -40.00	        0
Tue May 09 09:14:48 2017	 -39.99	  18.74	  43.66	        0	 -40.00	        0
Tue May 09 09:14:59 2017	 -39.99	  18.74	  43.63	        0	 -40.00	        0
Tue May 09 09:15:09 2017	 -40.00	  18.77	  43.57	        0	 -40.00	        0
Tue May 09 09:15:20 2017	 -40.00	  18.77	  43.51	        0	 -40.00	        0
Tue May 09 09:15:31 2017	 -39.98	  18.80	  43.76	        0	 -40.00	        0
Tue May 09 09:15:41 2017	 -40.00	  18.83	  43.63	        0	 -40.00	        0
Tue May 09 09:15:52 2017	 -40.00	  18.85	  43.63	        0	 -40.00	        0
Tue May 09 09:16:03 2017	 -39.99	  18.85	  43.69	        0	 -40.00	        0
Tue May 09 09:16:13 2017	 -39.98	  18.88	  43.82	        0	 -40.00	        0
Tue May 09 09:16:24 2017	 -39.99	  18.88	  43.75	        0	 -40.00	        0
Tue May 09 09:16:34 2017	 -39.98	  18.91	  43.84	        0	 -40.00	        0
Tue May 09 09:16:45 2017	 -39.98	  18.94	  43.95	        0	 -40.00	        0
Tue May 09 09:16:56 2017	 -39.99	  18.94	  43.82	        0	 -40.00	        0
Tue May 09 09:17:07 2017	 -39.99	  18.97	  43.89	        0	 -40.00	        0
Tue May 09 09:17:17 2017	 -39.99	  18.97	  43.86	        0	 -40.00	        0
Tue May 09 09:17:28 2017	 -39.99	  19.00	  43.94	        0	 -40.00	        0
Tue May 09 09:17:39 2017	 -39.98	  19.00	  44.01	        0	 -40.00	        0
Tue May 09 09:17:49 2017	 -39.99	  19.03	  44.01	        0	 -40.00	        0
Tue May 09 09:18:00 2017	 -39.99	  19.06	  43.96	        0	 -40.00	        0
Tue May 09 09:18:10 2017	 -39.99	  19.06	  43.99	        0	 -40.00	        0
Tue May 09 09:18:21 2017	 -39.99	  19.08	  44.03	        0	 -40.00	        0
Tue May 09 09:18:32 2017	 -39.98	  19.08	  44.14	        0	 -40.00	        0
Tue May 09 09:18:42 2017	 -39.98	  19.11	  44.14	        0	 -40.00	        0
Tue May 09 09:18:53 2017	 -39.98	  19.11	  44.23	        0	 -40.00	        0
Tue May 09 09:19:04 2017	 -39.98	  19.14	  44.24	        0	 -40.00	        0
Tue May 09 09:19:14 2017	 -39.98	  19.17	  44.28	        0	 -40.00	        0
Tue May 09 09:19:25 2017	 -39.99	  19.17	  44.21	        0	 -40.00	        0
Tue May 09 09:19:36 2017	 -40.00	  19.20	  44.13	        0	 -40.00	        0
Tue May 09 09:19:46 2017	 -40.00	  19.20	  44.10	        0	 -40.00	        0
Tue May 09 09:19:57 2017	 -40.00	  19.23	  44.13	        0	 -40.00	        0
Tue May 09 09:20:08 2017	 -39.99	  19.23	  44.25	        0	 -40.00	        0
Tue May 09 09:20:18 2017	 -39.98	  19.26	  44.40	        0	 -40.00	        0
Tue May 09 09:20:29 2017	 -39.98	  19.29	  44.44	        0	 -40.00	        0
Tue May 09 09:20:40 2017	 -39.98	  19.29	  44.44	        0	 -40.00	        0
Tue May 09 09:20:50 2017	 -39.99	  19.31	  44.42	        0	 -40.00	        0
Tue May 09 09:21:01 2017	 -40.00	  19.31	  44.30	        0	 -40.00	        0
Tue May 09 09:21:11 2017	 -39.99	  19.34	  44.35	        0	 -40.00	        0
Tue May 09 09:21:22 2017	 -40.00	  19.34	  44.35	        0	 -40.00	        0
Tue May 09 09:21:33 2017	 -39.98	  19.34	  44.52	        0	 -40.00	        0
Tue May 09 09:21:43 2017	 -39.99	  19.37	  44.39	        0	 -40.00	        0
Tue May 09 09:21:54 2017	 -39.99	  19.40	  44.45	        0	 -40.00	        0
Tue May 09 09:22:05 2017	 -40.00	  19.40	  44.42	        0	 -40.00	        0
Tue May 09 09:22:15 2017	 -39.98	  19.43	  44.57	        0	 -40.00	        0
Tue May 09 09:22:26 2017	 -39.98	  19.43	  44.64	        0	 -40.00	        0
