-180     5.3822046e+02
-170     5.0768961e+02
-160     4.8293869e+02
-150     4.4631882e+02
-140     -4.6115456e+01
-130     -4.8176903e+01
-120     -4.9218872e+01
-110     -4.9435825e+01
-100     -4.9138542e+01
-90     -4.8692497e+01
-80     -4.8514778e+01
-70     -4.8774521e+01
-60     -4.9652180e+01
-50     -5.1127129e+01
-40     -5.3057297e+01
-30     -5.5164261e+01
-20     -5.7107021e+01
-10     -5.8587383e+01
0     -5.9062275e+01
10     -5.8398369e+01
20     -5.6772675e+01
30     -5.4830818e+01
40     -5.2717762e+01
50     -5.0829235e+01
60     -4.9406776e+01
70     -4.8595226e+01
80     -4.8371105e+01
90     -4.8643425e+01
100     -4.9115978e+01
110     -4.9425282e+01
120     -4.9212254e+01
130     -4.8161018e+01
140     -4.6085125e+01
150     4.4369522e+02
160     4.8037234e+02
170     5.0988693e+02
180     5.3120654e+02
