-140     4.6517172e+02
-130     -9.5341393e+01
-120     -9.6897064e+01
-110     -9.8117432e+01
-100     -9.8048622e+01
-90     -9.7287613e+01
-80     -9.5716248e+01
-70     -8.4183693e+01
-60     -8.1982758e+01
-50     -7.1925667e+01
-40     -7.0169365e+01
-30     -6.5664467e+01
-20     -5.9922935e+01
-10     -5.3818306e+01
0     -4.9509346e+01
10     -5.2796795e+01
20     -5.9459732e+01
30     -6.5320305e+01
40     -7.0762268e+01
50     -7.3997986e+01
60     -8.2311615e+01
70     -8.4429085e+01
80     -8.7066071e+01
90     -9.7070503e+01
100     -9.8399796e+01
110     -9.8347603e+01
120     -9.7169563e+01
130     -9.5423141e+01
140     4.6428830e+02
